time,A1,B1,C1,D1,A2,B2,C2,D2,A3,B3,C3,D3,A4,B4,C4,D4,A5,B5,C5,D5,A6,B6,C6,D6,A7,B7,C7,D7,A8,B8,C8,D8,A9,B9,C9,D9,A10,B10,C10,D10,Aaverage,Baverage,Caverage,Daverage,Anormalised,Bnormalised,Cnormalised,Dnormalised,OD_A,OD_B,OD_C,OD_D,DilutiontimeforA,DilutiontimeforB,DilutiontimeforC,DilutiontimeforD,ErrorA,ErrorB,ErrorC,ErrorD
0.0000,64,43,36,89,133,89,70,174,204,133,106,259,274,177,142,345,342,218,174,429,410,256,203,511,479,297,235,595,549,339,269,681,621,381,303,768,697,425,338,853,69.00,42.00,33.00,85.00,0,0,0,0,0,0,0,0,0,0,0,0,0,0,0,0
0.12,71,38,35,88,142,78,71,172,212,118,105,257,281,157,137,343,355,203,174,438,425,243,208,524,498,284,242,611,581,328,279,702,651,369,312,789,723,410,347,876,72,41,34,87,3,0,1,2,0.0018,0.0000,0.0010,0.0012,0,0,0,0,-1.60,-1.60,-1.60,-1.60
0.20,71,41,35,85,143,85,71,177,214,125,104,266,286,167,140,357,360,210,177,449,430,253,205,539,503,296,243,629,576,342,281,721,645,384,318,809,719,427,354,899,71,42,35,89,2,0,2,4,0.0012,0.0000,0.0020,0.0024,0,0,0,0,-1.60,-1.60,-1.60,-1.60
0.29,72,42,34,81,145,85,70,162,216,125,103,241,290,166,140,321,362,209,175,402,434,252,210,483,511,297,249,568,581,340,282,651,654,384,319,737,724,428,353,820,72,42,35,82,3,0,2,0,0.0018,0.0000,0.0020,0.0000,0,0,0,0,-1.60,-1.60,-1.60,-1.60
0.37,74,43,36,85,150,91,75,171,227,131,112,250,302,172,150,336,376,218,186,419,452,263,224,506,527,308,261,591,599,352,294,671,677,399,334,759,751,439,369,843,75,43,36,84,6,1,3,0,0.0036,0.0008,0.0030,0.0000,0,0,0,0,-1.60,-1.60,-1.60,-1.60
0.45,77,45,40,98,153,89,78,190,232,134,116,286,309,182,155,380,386,229,193,473,466,277,236,571,541,321,270,665,620,369,311,762,694,414,347,857,774,463,390,956,77,46,39,95,8,4,6,10,0.0048,0.0032,0.0060,0.0060,0,0,0,0,-1.60,-1.60,-1.59,-1.59
0.54,79,49,41,89,163,101,83,188,245,150,126,285,323,198,165,380,406,249,206,478,486,297,246,572,568,347,289,669,649,396,330,766,729,445,368,861,811,496,412,960,81,49,41,96,12,7,8,11,0.0072,0.0056,0.0080,0.0066,0,0,0,0,-1.59,-1.59,-1.59,-1.59
0.62,87,55,44,106,171,108,87,210,257,165,128,315,345,218,176,421,432,276,223,527,519,329,263,629,604,380,308,737,691,434,353,847,774,491,392,955,860,546,436,1064,86,54,43,106,17,12,10,21,0.0102,0.0096,0.0100,0.0126,0,0,0,0,-1.59,-1.59,-1.59,-1.59
0.70,94,59,49,122,183,116,95,232,271,178,140,338,361,234,184,440,454,290,233,550,543,349,282,661,627,403,323,770,719,464,371,883,809,523,420,998,899,578,462,1111,89,57,46,111,20,15,13,26,0.0120,0.0120,0.0130,0.0156,0,0,0,0,-1.59,-1.59,-1.59,-1.58
0.79,97,67,50,136,200,133,108,276,298,198,159,408,397,262,212,546,497,326,267,683,593,388,318,826,692,454,371,965,792,520,425,1101,888,579,476,1240,987,644,528,1378,98,64,52,137,29,22,19,52,0.0174,0.0176,0.0190,0.0312,0,0,0,0,-1.58,-1.58,-1.58,-1.57
0.87,105,71,54,156,213,139,108,310,320,211,163,457,428,285,222,606,535,356,276,746,642,423,329,886,751,495,386,1033,860,566,444,1184,968,635,498,1331,1073,704,552,1483,107,70,55,148,38,28,22,63,0.0228,0.0224,0.0220,0.0378,0,0,0,0,-1.58,-1.58,-1.58,-1.56
0.95,122,77,60,150,237,157,121,334,351,234,178,504,467,311,234,681,582,386,292,850,696,465,349,1018,813,544,409,1187,930,624,472,1356,1044,701,530,1523,1157,776,584,1691,115,77,58,169,46,35,25,84,0.0276,0.0280,0.0250,0.0504,0,0,0,0,-1.57,-1.57,-1.58,-1.55
1.04,121,78,63,152,239,168,125,311,364,257,189,472,485,338,251,623,611,422,315,782,731,511,378,932,852,595,439,1088,974,681,504,1249,1094,763,567,1409,1214,844,631,1568,121,84,63,156,52,42,30,71,0.0312,0.0336,0.0300,0.0426,0,0,0,0,-1.57,-1.57,-1.57,-1.56
1.12,130,112,69,160,259,205,136,321,390,292,204,492,522,390,272,661,654,482,341,835,785,574,415,997,914,664,481,1161,1047,758,550,1333,1179,853,621,1506,1309,947,689,1674,130,94,68,167,61,52,35,82,0.0366,0.0416,0.0350,0.0492,0,0,0,0,-1.56,-1.56,-1.57,-1.55
1.20,138,105,72,201,278,210,145,387,418,307,220,588,555,406,291,765,695,508,362,956,835,612,437,1141,973,710,508,1318,1110,812,578,1495,1243,915,647,1676,1383,1020,722,1861,138,102,72,186,69,60,39,101,0.0414,0.0480,0.0390,0.0606,0,0,0,0,-1.56,-1.55,-1.56,-1.54
1.29,147,105,76,182,296,213,154,369,447,321,234,544,594,433,311,718,743,545,388,901,894,658,468,1089,1042,773,545,1277,1188,884,621,1462,1335,993,696,1652,1483,1106,774,1847,148,110,77,184,79,68,44,99,0.0474,0.0544,0.0440,0.0594,0,0,0,0,-1.55,-1.55,-1.56,-1.54
1.37,162,135,77,222,320,259,160,438,480,393,243,640,636,509,323,838,798,636,408,1037,957,754,489,1243,1113,875,571,1444,1271,993,654,1650,1427,1114,735,1851,1584,1234,818,2058,158,123,81,205,89,81,48,120,0.0534,0.0648,0.0480,0.0720,0,0,0,0,-1.55,-1.54,-1.55,-1.53
1.45,167,118,85,218,332,248,172,411,500,380,260,619,671,514,350,839,838,645,437,1042,1003,763,524,1253,1168,892,608,1464,1334,1018,693,1672,1499,1148,777,1880,1664,1279,862,2091,166,127,86,209,97,85,53,124,0.0582,0.0680,0.0530,0.0744,0,0,0,0,-1.54,-1.53,-1.55,-1.53
1.54,173,147,91,217,349,286,184,450,529,446,279,670,704,588,370,893,882,734,465,1119,1061,874,561,1347,1240,1005,654,1578,1416,1144,749,1812,1593,1282,843,2048,1771,1422,937,2286,177,142,93,228,108,100,60,143,0.0648,0.0800,0.0600,0.0858,0,0,0,0,-1.54,-1.52,-1.54,-1.51
1.62,188,164,99,240,376,296,199,463,561,449,296,687,747,597,391,935,937,754,490,1168,1122,901,586,1411,1306,1045,682,1651,1490,1188,777,1888,1675,1335,872,2125,1858,1483,968,2364,185,148,96,236,116,106,63,151,0.0696,0.0848,0.0630,0.0906,0,0,0,0,-1.53,-1.52,-1.54,-1.51
1.70,196,155,101,274,389,292,200,518,585,467,306,805,778,624,406,1071,974,784,510,1324,1173,927,613,1578,1367,1077,716,1827,1561,1239,818,2073,1754,1402,919,2322,1952,1566,1021,2572,195,156,102,257,126,114,69,172,0.0756,0.0912,0.0690,0.1032,0,0,0,0,-1.52,-1.51,-1.53,-1.50
1.79,207,174,111,287,414,328,216,554,619,486,325,837,822,656,430,1118,1028,816,537,1393,1233,977,643,1665,1438,1146,750,1930,1642,1316,857,2198,1845,1489,967,2470,2049,1661,1076,2746,204,166,107,274,135,124,74,189,0.0810,0.0992,0.0740,0.1134,0,0,0,0,-1.52,-1.50,-1.53,-1.49
1.87,215,195,116,343,431,363,232,598,646,532,351,871,855,726,465,1142,1072,915,583,1414,1288,1091,700,1685,1503,1270,817,1967,1717,1439,933,2251,1931,1613,1047,2542,2144,1789,1163,2836,214,178,116,283,145,136,83,198,0.0870,0.1088,0.0830,0.1188,0,0,0,0,-1.51,-1.49,-1.52,-1.48
1.95,228,200,122,333,452,367,242,591,679,558,365,884,904,738,484,1217,1130,925,605,1521,1363,1115,729,1817,1592,1298,853,2118,1821,1485,977,2416,2052,1674,1100,2713,2281,1861,1222,3009,228,186,122,300,159,144,89,215,0.0954,0.1152,0.0890,0.1290,0,0,0,0,-1.50,-1.48,-1.51,-1.47
2.04,239,246,127,334,477,446,254,635,715,609,382,938,951,814,506,1238,1189,984,633,1549,1427,1181,764,1873,1672,1393,888,2203,1910,1599,1016,2532,2149,1801,1145,2855,2387,2001,1273,3175,238,200,127,317,169,158,94,232,0.1014,0.1264,0.0940,0.1392,0,0,0,0,-1.50,-1.47,-1.51,-1.46
2.12,250,191,135,256,500,395,270,561,747,579,403,830,997,772,537,1100,1246,964,674,1366,1493,1155,809,1628,1741,1352,942,1896,1989,1553,1076,2166,2239,1753,1210,2435,2489,1949,1345,2708,248,194,134,270,179,152,101,185,0.1074,0.1216,0.1010,0.1110,0,0,0,0,-1.49,-1.48,-1.50,-1.49
2.20,261,216,142,246,521,396,284,539,783,615,425,816,1039,823,564,1135,1300,1042,703,1417,1561,1260,842,1713,1821,1464,982,2009,2082,1679,1121,2291,2341,1891,1262,2574,2599,2100,1401,2859,259,210,140,285,190,168,107,200,0.1140,0.1344,0.1070,0.1200,0,0,0,0,-1.49,-1.47,-1.49,-1.48
2.29,273,256,147,283,547,524,294,525,820,738,446,810,1092,970,590,1085,1364,1187,737,1371,1638,1407,885,1659,1913,1620,1033,1954,2188,1850,1180,2250,2462,2072,1327,2547,2736,2290,1473,2843,273,229,147,284,204,187,114,199,0.1224,0.1496,0.1140,0.1194,0,0,0,0,-1.48,-1.45,-1.49,-1.48
2.37,282,223,151,267,566,460,302,562,849,680,454,880,1134,887,606,1160,1420,1122,760,1427,1709,1356,913,1715,1993,1572,1067,2003,2281,1805,1221,2306,2566,2032,1375,2609,2853,2257,1528,2912,285,225,152,291,216,183,119,206,0.1296,0.1464,0.1190,0.1236,0,0,0,0,-1.47,-1.45,-1.48,-1.48
2.45,297,240,155,281,596,473,311,611,897,674,471,930,1194,915,627,1248,1493,1162,785,1525,1793,1397,944,1827,2093,1627,1103,2138,2394,1860,1261,2441,2692,2097,1418,2751,2988,2333,1573,3062,298,233,157,306,229,191,124,221,0.1374,0.1528,0.1240,0.1326,0,0,0,0,-1.46,-1.45,-1.48,-1.47
2.54,310,222,161,367,617,545,323,678,927,772,487,987,1237,1018,653,1320,1550,1251,818,1675,1858,1499,982,2010,2170,1736,1147,2332,2484,1976,1314,2662,2796,2223,1479,3000,3109,2472,1647,3344,310,247,164,334,241,205,131,249,0.1446,0.1640,0.1310,0.1494,0,0,0,0,-1.46,-1.44,-1.47,-1.45
2.62,322,239,171,374,644,470,342,685,962,743,509,979,1284,992,678,1356,1607,1253,847,1703,1929,1503,1016,2059,2249,1750,1182,2395,2567,1994,1348,2731,2887,2242,1517,3074,3210,2498,1686,3424,321,249,168,342,252,207,135,257,0.1512,0.1656,0.1350,0.1542,0,0,0,0,-1.45,-1.43,-1.47,-1.45
2.70,331,285,176,339,660,578,354,682,988,843,526,988,1321,1139,703,1330,1653,1379,879,1653,1983,1670,1053,1970,2314,1949,1227,2284,2643,2231,1402,2612,2974,2505,1580,2943,3305,2783,1757,3282,330,278,175,328,261,236,142,243,0.1566,0.1888,0.1420,0.1458,0,0,0,0,-1.44,-1.41,-1.46,-1.45
2.79,339,269,181,388,679,537,363,737,1020,819,546,1125,1362,1105,730,1509,1704,1378,914,1861,2046,1644,1097,2229,2388,1920,1280,2603,2726,2208,1462,2967,3064,2496,1645,3328,3404,2792,1823,3691,340,279,182,369,271,237,149,284,0.1626,0.1896,0.1490,0.1704,0,0,0,0,-1.44,-1.41,-1.45,-1.43
2.87,351,345,190,399,703,607,382,723,1054,893,572,1079,1403,1160,763,1462,1757,1472,955,1846,2111,1769,1150,2238,2464,2076,1345,2617,2817,2379,1539,3000,3171,2680,1731,3390,3524,2980,1923,3779,352,298,192,377,283,256,159,292,0.1698,0.2048,0.1590,0.1752,0,0,0,0,-1.43,-1.40,-1.44,-1.42
2.95,361,304,199,392,724,636,397,787,1092,987,600,1218,1456,1316,800,1615,1820,1641,999,2006,2183,1961,1201,2386,2547,2286,1400,2783,2913,2609,1598,3195,3277,2938,1798,3608,3644,3266,1999,4020,364,326,199,402,295,284,166,317,0.1770,0.2272,0.1660,0.1902,0,0,0,0,-1.42,-1.37,-1.43,-1.41
3.04,377,332,208,387,756,677,416,769,1136,975,626,1190,1518,1315,839,1615,1900,1672,1051,2025,2283,2012,1263,2425,2665,2357,1474,2818,3047,2696,1685,3224,3428,3040,1894,3639,3807,3386,2102,4062,380,338,210,406,311,296,177,321,0.1866,0.2368,0.1770,0.1926,0,0,0,0,-1.41,-1.36,-1.42,-1.41
3.12,392,345,218,462,785,736,435,985,1184,1088,656,1379,1583,1490,878,1841,1978,1838,1097,2269,2374,2198,1318,2698,2770,2545,1539,3137,3167,2906,1760,3588,3565,3276,1982,4043,3964,3650,2203,4499,396,365,220,449,327,323,187,364,0.1962,0.2584,0.1870,0.2184,0,0,0,0,-1.40,-1.34,-1.41,-1.38
3.20,410,397,227,478,822,763,457,953,1237,1105,690,1410,1649,1502,928,1845,2064,1869,1161,2286,2480,2257,1394,2753,2896,2640,1626,3219,3312,3015,1858,3681,3728,3391,2090,4148,4144,3774,2322,4619,414,377,232,461,345,335,199,376,0.2070,0.2680,0.1990,0.2256,0,0,0,0,-1.39,-1.33,-1.40,-1.37
3.29,432,394,244,476,865,762,489,981,1298,1153,734,1479,1732,1561,979,1956,2164,1963,1222,2438,2596,2333,1466,2906,3027,2720,1706,3398,3451,3106,1948,3890,3881,3501,2188,4390,4313,3898,2433,4894,431,389,243,489,362,347,210,404,0.2172,0.2776,0.2100,0.2424,0,0,0,0,-1.38,-1.32,-1.39,-1.36
3.37,449,373,254,539,898,729,509,1080,1345,1127,763,1571,1795,1522,1017,2064,2243,1915,1272,2558,2691,2298,1526,3046,3139,2709,1780,3547,3590,3121,2034,4050,4040,3529,2290,4561,4493,3939,2548,5077,449,393,254,507,380,351,221,422,0.2280,0.2808,0.2210,0.2532,0,0,0,0,-1.37,-1.32,-1.38,-1.35
3.45,477,556,271,493,947,887,545,1015,1415,1315,813,1506,1884,1751,1079,1995,2353,2167,1347,2520,2821,2586,1614,3039,3293,3003,1883,3555,3765,3427,2154,4078,4237,3848,2424,4602,4708,4268,2693,5135,470,426,269,513,401,384,236,428,0.2406,0.3072,0.2360,0.2568,0,0,0,0,-1.36,-1.29,-1.36,-1.34
3.54,486,386,279,477,974,822,558,1054,1466,1239,841,1576,1957,1703,1123,2067,2447,2100,1404,2592,2937,2544,1685,3128,3425,2972,1964,3656,3914,3394,2242,4175,4402,3820,2519,4702,4891,4252,2798,5242,489,425,279,524,420,383,246,439,0.2520,0.3064,0.2460,0.2634,0,0,0,0,-1.35,-1.29,-1.35,-1.34
3.62,511,506,287,568,1025,949,576,1079,1537,1381,865,1602,2053,1792,1154,2190,2567,2208,1441,2797,3078,2653,1724,3379,3588,3116,2007,3959,4098,3562,2292,4532,4609,4001,2580,5108,5123,4446,2866,5687,512,444,286,568,443,402,253,483,0.2658,0.3216,0.2530,0.2898,0,0,0,0,-1.33,-1.28,-1.35,-1.31
3.70,530,505,298,589,1060,931,594,1130,1592,1352,890,1713,2122,1803,1188,2308,2653,2261,1484,2902,3188,2712,1786,3497,3720,3176,2086,4100,4250,3641,2383,4709,4781,4106,2680,5313,5316,4571,2983,5915,531,457,298,591,462,415,265,506,0.2772,0.3320,0.2650,0.3036,0,0,0,0,-1.32,-1.27,-1.34,-1.30
3.79,549,421,306,551,1097,886,613,1148,1644,1368,919,1685,2191,1856,1225,2249,2740,2320,1532,2831,3296,2804,1845,3420,3851,3256,2154,3998,4401,3714,2463,4587,4952,4177,2769,5185,5500,4651,3076,5786,550,465,307,578,481,423,274,493,0.2886,0.3384,0.2740,0.2958,0,0,0,0,-1.31,-1.26,-1.33,-1.30
3.87,568,534,318,647,1136,1032,637,1345,1704,1499,954,1957,2269,2004,1268,2558,2837,2437,1584,3145,3401,2939,1899,3741,3968,3433,2215,4344,4535,3922,2534,4956,5105,4417,2854,5573,5674,4910,3173,6196,567,491,317,619,498,449,284,534,0.2988,0.3592,0.2840,0.3204,0,0,0,0,-1.30,-1.24,-1.32,-1.28
3.95,586,467,328,685,1171,1009,653,1320,1755,1535,978,2025,2338,1997,1303,2623,2924,2457,1629,3247,3511,2972,1957,3877,4099,3468,2286,4524,4685,3958,2614,5173,5270,4464,2939,5812,5855,4972,3266,6451,585,497,326,645,516,455,293,560,0.3096,0.3640,0.2930,0.3360,0,0,0,0,-1.29,-1.24,-1.31,-1.26
4.04,604,451,340,705,1208,904,678,1360,1811,1445,1018,2041,2415,1911,1357,2694,3018,2421,1694,3358,3621,2900,2030,4037,4222,3372,2365,4688,4822,3861,2700,5349,5423,4367,3037,6015,6026,4888,3375,6680,602,488,337,668,533,446,304,583,0.3198,0.3568,0.3040,0.3498,0,0,0,0,-1.28,-1.24,-1.30,-1.25
4.12,620,494,347,688,1241,986,691,1319,1862,1471,1040,2004,2482,2055,1387,2700,3102,2567,1734,3347,3716,3097,2078,3999,4333,3601,2423,4654,4950,4114,2769,5322,5572,4641,3117,5998,6193,5169,3465,6677,619,516,346,667,550,474,313,582,0.3300,0.3792,0.3130,0.3492,0,0,0,0,-1.27,-1.22,-1.29,-1.25
4.20,635,590,354,725,1270,1130,710,1377,1909,1594,1067,2009,2547,2155,1424,2628,3185,2704,1780,3290,3820,3242,2133,3955,4454,3768,2487,4611,5090,4299,2841,5267,5729,4835,3197,5934,6371,5378,3555,6610,637,537,355,661,568,495,322,576,0.3408,0.3960,0.3220,0.3456,0,0,0,0,-1.26,-1.20,-1.28,-1.25
4.29,649,587,359,606,1298,1073,717,1239,1948,1618,1076,1879,2597,2132,1435,2543,3247,2672,1797,3202,3898,3204,2158,3849,4553,3735,2521,4484,5205,4287,2882,5123,5857,4848,3242,5784,6508,5411,3603,6460,650,541,360,646,581,499,327,561,0.3486,0.3992,0.3270,0.3366,0,0,0,0,-1.25,-1.20,-1.27,-1.26
4.37,671,508,368,699,1341,993,736,1380,2013,1525,1106,2089,2684,2014,1476,2758,3357,2551,1845,3462,4026,3081,2213,4158,4695,3596,2580,4857,5363,4132,2945,5563,6031,4682,3310,6273,6698,5240,3678,6986,669,524,367,698,600,482,334,613,0.3600,0.3856,0.3340,0.3678,0,0,0,0,-1.24,-1.21,-1.27,-1.23
4.45,676,470,373,717,1352,971,748,1442,2027,1516,1122,2152,2703,2049,1497,2850,3379,2616,1871,3512,4055,3171,2244,4226,4731,3730,2617,4942,5407,4291,2989,5639,6080,4845,3359,6341,6751,5404,3729,7050,675,540,372,705,606,498,339,620,0.3636,0.3984,0.3390,0.3720,0,0,0,0,-1.24,-1.20,-1.26,-1.23
4.54,684,573,375,725,1363,1129,755,1362,2047,1704,1130,2066,2731,2300,1507,2746,3419,2865,1888,3464,4105,3438,2266,4165,4786,4002,2641,4855,5468,4571,3017,5554,6153,5153,3396,6260,6841,5739,3776,6972,684,573,377,697,615,531,344,612,0.3690,0.4248,0.3440,0.3672,0,0,0,0,-1.23,-1.18,-1.26,-1.23
4.62,695,581,380,686,1385,1121,760,1346,2078,1636,1140,1994,2776,2159,1521,2661,3474,2713,1908,3368,4172,3296,2290,4114,4868,3865,2669,4832,5561,4434,3048,5537,6255,5004,3428,6249,6951,5586,3813,6968,695,558,381,696,626,516,348,611,0.3756,0.4128,0.3480,0.3666,0,0,0,0,-1.22,-1.19,-1.25,-1.23
4.70,706,589,388,696,1412,1227,776,1357,2117,1845,1164,2066,2823,2405,1551,2754,3527,2952,1937,3469,4229,3550,2321,4211,4931,4137,2706,4947,5634,4718,3091,5691,6337,5313,3477,6435,7040,5915,3864,7180,704,591,386,718,635,549,353,633,0.3810,0.4392,0.3530,0.3798,0,0,0,0,-1.22,-1.16,-1.25,-1.22
4.79,713,611,391,749,1425,1231,783,1453,2137,1832,1174,2158,2849,2399,1565,2889,3559,2958,1954,3602,4271,3525,2342,4317,4982,4107,2732,5048,5693,4699,3122,5782,6407,5300,3514,6528,7121,5905,3907,7282,712,590,390,728,643,548,357,643,0.3858,0.4384,0.3570,0.3858,0,0,0,0,-1.21,-1.16,-1.24,-1.21
4.87,719,656,395,707,1435,1191,788,1381,2152,1785,1182,2133,2865,2361,1573,2839,3580,2950,1969,3549,4295,3548,2361,4295,5010,4155,2754,5056,5732,4756,3151,5824,6451,5355,3548,6586,7169,5960,3944,7344,716,596,394,734,647,554,361,649,0.3882,0.4432,0.3610,0.3894,0,0,0,0,-1.21,-1.16,-1.24,-1.21
4.95,723,630,398,694,1447,1198,796,1435,2170,1778,1193,2110,2893,2360,1591,2848,3616,2934,1991,3540,4343,3509,2392,4242,5070,4102,2792,4962,5795,4708,3190,5694,6515,5326,3588,6426,7237,5944,3986,7167,723,594,398,716,654,552,365,631,0.3924,0.4416,0.3650,0.3786,0,0,0,0,-1.21,-1.16,-1.24,-1.22
5.04,733,602,405,804,1466,1158,810,1528,2200,1715,1214,2213,2929,2349,1615,2945,3658,2942,2018,3660,4389,3502,2422,4419,5122,4093,2828,5192,5854,4699,3232,5959,6586,5308,3634,6722,7314,5919,4033,7484,731,591,403,748,662,549,370,663,0.3972,0.4392,0.3700,0.3978,0,0,0,0,-1.20,-1.16,-1.23,-1.20
5.12,742,587,407,853,1483,1134,816,1578,2225,1718,1224,2294,2965,2351,1631,3024,3703,2955,2035,3746,4441,3563,2439,4477,5179,4162,2846,5238,5920,4791,3251,6002,6660,5426,3658,6773,7399,6058,4065,7544,739,605,406,754,670,563,373,669,0.4020,0.4504,0.3730,0.4014,0,0,0,0,-1.20,-1.15,-1.23,-1.20
5.20,741,577,409,712,1484,1213,819,1546,2229,1815,1230,2294,2975,2421,1641,3074,3719,3023,2049,3831,4460,3624,2457,4619,5203,4253,2867,5394,5949,4885,3279,6157,6694,5503,3689,6913,7435,6133,4096,7673,743,613,409,767,674,571,376,682,0.4044,0.4568,0.3760,0.4092,0,0,0,0,-1.20,-1.14,-1.22,-1.19
5.29,748,686,411,728,1497,1326,822,1432,2246,2028,1234,2163,2995,2654,1644,2860,3742,3292,2055,3579,4490,3893,2465,4299,5237,4544,2877,5034,5987,5205,3289,5792,6737,5854,3704,6553,7491,6498,4123,7316,749,649,412,731,680,607,379,646,0.4080,0.4856,0.3790,0.3876,0,0,0,0,-1.19,-1.11,-1.22,-1.21
5.37,754,620,414,725,1509,1292,829,1403,2265,1968,1244,2133,3021,2632,1659,2845,3778,3251,2077,3572,4537,3879,2495,4302,5294,4511,2913,5056,6051,5131,3329,5799,6807,5769,3742,6546,7557,6421,4158,7305,755,642,415,730,686,600,382,645,0.4116,0.4800,0.3820,0.3870,0,0,0,0,-1.19,-1.12,-1.22,-1.21
5.45,761,617,421,859,1523,1236,844,1617,2283,1900,1267,2419,3047,2516,1689,3164,3812,3130,2110,3960,4575,3761,2532,4681,5336,4392,2952,5414,6096,5007,3369,6173,6855,5637,3786,6936,7614,6289,4204,7706,761,628,420,770,692,586,387,685,0.4152,0.4688,0.3870,0.4110,0,0,0,0,-1.18,-1.13,-1.21,-1.19
5.54,767,697,425,789,1535,1338,851,1586,2304,1956,1276,2315,3070,2565,1699,3146,3836,3185,2117,3915,4600,3839,2538,4697,5365,4486,2960,5486,6135,5134,3385,6277,6903,5791,3809,7072,7667,6455,4232,7866,766,645,423,786,697,603,390,701,0.4182,0.4824,0.3900,0.4206,0,0,0,0,-1.18,-1.12,-1.21,-1.18
5.62,772,643,427,824,1543,1318,854,1553,2316,1913,1282,2272,3085,2582,1706,2994,3852,3213,2127,3720,4623,3865,2552,4498,5391,4520,2977,5293,6160,5173,3401,6088,6931,5838,3826,6885,7705,6510,4254,7683,770,651,425,768,701,609,392,683,0.4206,0.4872,0.3920,0.4098,0,0,0,0,-1.18,-1.11,-1.21,-1.19
5.70,776,616,428,737,1551,1333,856,1566,2326,1966,1284,2311,3100,2599,1711,3120,3878,3244,2138,3892,4653,3892,2565,4683,5428,4557,2993,5456,6205,5216,3424,6247,6985,5875,3855,7052,7764,6548,4286,7861,776,654,428,786,707,612,395,701,0.4242,0.4896,0.3950,0.4206,0,0,0,0,-1.18,-1.11,-1.21,-1.18
5.79,787,658,437,781,1573,1332,871,1541,2358,2021,1304,2357,3143,2679,1740,3138,3929,3323,2174,3921,4714,3979,2608,4744,5500,4671,3042,5554,6285,5332,3474,6344,7071,5990,3907,7135,7856,6664,4341,7933,785,666,434,793,716,624,401,708,0.4296,0.4992,0.4010,0.4248,0,0,0,0,-1.17,-1.10,-1.20,-1.18
5.87,788,778,436,818,1577,1537,872,1630,2365,2224,1309,2456,3153,2920,1742,3236,3939,3605,2175,3987,4727,4305,2609,4773,5518,5016,3047,5590,6308,5705,3484,6414,7098,6394,3918,7223,7883,7077,4351,8041,788,707,435,804,719,665,402,719,0.4314,0.5320,0.4020,0.4314,0,0,0,0,-1.17,-1.07,-1.20,-1.17
5.95,795,829,440,760,1590,1483,880,1613,2385,2128,1320,2374,3180,2840,1760,3111,3975,3519,2198,3888,4768,4190,2634,4663,5560,4872,3073,5434,6351,5550,3510,6221,7143,6235,3947,7005,7936,6932,4386,7794,793,693,438,779,724,651,405,694,0.4344,0.5208,0.4050,0.4164,0,0,0,0,-1.17,-1.08,-1.19,-1.18
6.04,795,563,440,776,1592,1200,877,1584,2389,1822,1318,2305,3185,2486,1757,3080,3981,3105,2196,3873,4775,3780,2634,4691,5572,4476,3076,5492,6370,5176,3518,6288,7171,5877,3960,7081,7968,6585,4402,7877,796,658,440,787,727,616,407,702,0.4362,0.4928,0.4070,0.4212,0,0,0,0,-1.16,-1.11,-1.19,-1.18
6.12,798,643,440,701,1597,1314,882,1436,2393,1908,1323,2171,3192,2597,1765,2893,3993,3250,2211,3665,4795,3895,2655,4441,5595,4569,3097,5234,6390,5243,3537,6010,7189,5938,3980,6792,7990,6647,4424,7588,799,664,442,758,730,622,409,673,0.4380,0.4976,0.4090,0.4038,0,0,0,0,-1.16,-1.10,-1.19,-1.20
6.20,807,675,446,881,1615,1312,889,1719,2420,1979,1335,2573,3230,2703,1783,3398,4040,3359,2232,4204,4850,4077,2680,5052,5657,4795,3125,5887,6463,5507,3570,6716,7272,6209,4019,7547,8082,6907,4469,8376,808,690,446,837,739,648,413,752,0.4434,0.5184,0.4130,0.4512,0,0,0,0,-1.16,-1.08,-1.19,-1.15
6.29,809,636,448,837,1619,1335,897,1611,2429,1989,1342,2429,3238,2705,1790,3165,4047,3411,2238,3929,4859,4134,2688,4723,5672,4844,3138,5554,6483,5556,3587,6385,7291,6284,4033,7215,8098,7016,4480,8050,809,701,448,805,740,659,415,720,0.4440,0.5272,0.4150,0.4320,0,0,0,0,-1.16,-1.07,-1.18,-1.17
6.37,815,682,455,900,1628,1406,907,1685,2440,2068,1357,2424,3253,2759,1808,3187,4063,3473,2263,3987,4874,4190,2715,4799,5690,4905,3167,5596,6504,5616,3618,6403,7317,6342,4068,7217,8131,7077,4521,8037,813,707,452,803,744,665,419,718,0.4464,0.5320,0.4190,0.4308,0,0,0,0,-1.15,-1.07,-1.18,-1.17
6.45,820,641,454,734,1638,1404,904,1480,2455,2101,1356,2168,3273,2772,1807,2998,4091,3479,2261,3732,4912,4183,2718,4509,5731,4892,3173,5316,6551,5623,3626,6132,7367,6367,4077,6942,8185,7112,4530,7766,818,711,453,776,749,669,420,691,0.4494,0.5352,0.4200,0.4146,0,0,0,0,-1.15,-1.06,-1.18,-1.19
6.54,820,669,455,834,1639,1310,908,1720,2459,2042,1364,2583,3280,2779,1822,3419,4104,3473,2280,4276,4926,4151,2737,5139,5746,4872,3192,5987,6565,5611,3647,6841,7385,6357,4102,7691,8208,7101,4560,8539,820,710,456,853,751,668,423,768,0.4506,0.5344,0.4230,0.4608,0,0,0,0,-1.15,-1.07,-1.18,-1.14
6.62,826,696,457,815,1652,1400,914,1632,2478,2079,1371,2403,3305,2785,1831,3222,4135,3435,2293,4006,4963,4159,2752,4828,5788,4899,3209,5637,6615,5635,3665,6461,7444,6379,4126,7296,8277,7129,4586,8143,827,712,458,814,758,670,425,729,0.4548,0.5360,0.4250,0.4374,0,0,0,0,-1.15,-1.06,-1.17,-1.16
6.70,832,686,459,783,1664,1460,919,1667,2496,2106,1379,2486,3327,2834,1840,3345,4159,3563,2299,4215,4994,4270,2762,5078,5828,4973,3224,5943,6663,5685,3686,6814,7497,6422,4148,7685,8331,7170,4609,8552,833,717,460,855,764,675,427,770,0.4584,0.5400,0.4270,0.4620,0,0,0,0,-1.14,-1.06,-1.17,-1.14
6.79,833,799,460,780,1668,1542,922,1603,2505,2166,1385,2425,3339,2889,1843,3257,4176,3613,2304,4090,5010,4356,2764,4901,5844,5063,3224,5721,6677,5784,3685,6536,7511,6537,4147,7359,8347,7301,4608,8186,834,730,460,818,765,688,427,733,0.4590,0.5504,0.4270,0.4398,0,0,0,0,-1.14,-1.05,-1.17,-1.16
6.87,838,771,465,963,1678,1421,929,1791,2517,2204,1394,2694,3359,2923,1862,3476,4201,3715,2330,4305,5041,4472,2797,5137,5880,5219,3261,5972,6718,5962,3724,6810,7556,6709,4189,7659,8396,7464,4656,8519,839,746,465,851,770,704,432,766,0.4620,0.5632,0.4320,0.4596,0,0,0,0,-1.14,-1.04,-1.17,-1.14
6.95,846,678,469,997,1691,1410,937,1902,2532,2165,1408,2801,3377,2890,1877,3580,4221,3645,2346,4433,5065,4414,2815,5285,5911,5172,3290,6130,6756,5925,3760,6981,7601,6670,4230,7838,8446,7434,4700,8696,844,743,470,869,775,701,437,784,0.4650,0.5608,0.4370,0.4704,0,0,0,0,-1.13,-1.04,-1.16,-1.13
7.04,846,734,469,815,1692,1458,937,1641,2537,2168,1407,2505,3385,2817,1879,3337,4235,3554,2351,4182,5083,4251,2822,5074,5930,5010,3291,5961,6777,5769,3760,6826,7622,6521,4227,7675,8466,7281,4693,8533,846,728,469,853,777,686,436,768,0.4662,0.5488,0.4360,0.4608,0,0,0,0,-1.13,-1.05,-1.16,-1.14
7.12,849,724,470,800,1699,1499,940,1663,2551,2211,1412,2484,3402,2985,1884,3336,4253,3721,2354,4164,5102,4496,2824,4997,5948,5271,3293,5827,6799,6054,3763,6665,7648,6832,4233,7506,8496,7617,4704,8358,849,761,470,835,780,719,437,750,0.4680,0.5752,0.4370,0.4500,0,0,0,0,-1.13,-1.02,-1.16,-1.15
7.20,852,720,474,988,1705,1512,951,1894,2559,2215,1425,2701,3415,2971,1901,3498,4269,3693,2377,4333,5121,4438,2846,5141,5972,5164,3319,5987,6825,5913,3795,6862,7678,6679,4271,7749,8533,7459,4746,8637,853,745,474,863,784,703,441,778,0.4704,0.5624,0.4410,0.4668,0,0,0,0,-1.13,-1.04,-1.16,-1.13
7.29,862,708,480,992,1722,1382,961,1925,2582,2119,1439,2799,3445,2909,1912,3693,4305,3616,2388,4559,5167,4388,2864,5424,6027,5141,3341,6300,6887,5911,3817,7164,7746,6666,4293,8035,8606,7429,4767,8911,860,742,476,891,791,700,443,806,0.4746,0.5600,0.4430,0.4836,0,0,0,0,-1.13,-1.04,-1.16,-1.12
7.37,861,711,483,927,1723,1493,963,1801,2583,2283,1444,2668,3442,3076,1920,3496,4299,3879,2392,4371,5158,4641,2869,5207,6018,5406,3347,6055,6881,6175,3827,6917,7743,6956,4306,7788,8604,7739,4785,8663,860,773,478,866,791,731,445,781,0.4746,0.5848,0.4450,0.4686,0,0,0,0,-1.13,-1.02,-1.15,-1.13
7.45,862,738,478,857,1724,1483,957,1823,2585,2265,1435,2649,3447,2961,1915,3534,4311,3763,2397,4407,5175,4491,2878,5238,6040,5240,3358,6092,6903,5998,3837,6943,7764,6769,4312,7808,8624,7551,4789,8676,862,755,478,867,793,713,445,782,0.4758,0.5704,0.4450,0.4692,0,0,0,0,-1.12,-1.03,-1.15,-1.13
7.54,865,783,482,837,1729,1528,965,1631,2592,2307,1447,2474,3459,3122,1930,3353,4326,3876,2414,4189,5193,4624,2896,5068,6059,5444,3379,5940,6924,6250,3862,6841,7789,7060,4343,7734,8652,7867,4822,8627,865,786,482,862,796,744,449,777,0.4776,0.5952,0.4490,0.4662,0,0,0,0,-1.12,-1.00,-1.15,-1.13
7.62,870,704,484,985,1740,1469,965,1919,2610,2235,1448,2789,3476,2973,1930,3704,4343,3768,2412,4540,5210,4525,2893,5446,6078,5293,3375,6353,6945,6092,3859,7252,7815,6905,4348,8165,8684,7716,4834,9089,868,771,483,908,799,729,450,823,0.4794,0.5832,0.4500,0.4938,0,0,0,0,-1.12,-1.02,-1.15,-1.11
7.70,870,727,484,1023,1739,1476,966,1946,2609,2231,1449,2810,3480,2969,1935,3628,4354,3720,2424,4492,5228,4473,2910,5335,6101,5241,3392,6208,6972,6031,3872,7109,7844,6832,4355,8018,8715,7638,4840,8935,871,763,484,893,802,721,451,808,0.4812,0.5768,0.4510,0.4848,0,0,0,0,-1.12,-1.02,-1.15,-1.12
7.79,875,816,485,977,1750,1639,970,1804,2626,2432,1458,2702,3501,3187,1944,3596,4376,3958,2427,4540,5250,4749,2914,5431,6124,5565,3400,6344,7001,6366,3889,7258,7878,7171,4378,8162,8756,7981,4868,9066,875,798,486,906,806,756,453,821,0.4836,0.6048,0.4530,0.4926,0,0,0,0,-1.12,-1.00,-1.15,-1.11
7.87,874,704,484,918,1750,1533,973,1789,2626,2347,1460,2769,3502,3133,1948,3694,4380,3926,2437,4616,5259,4700,2929,5525,6134,5481,3420,6444,7013,6264,3911,7368,7890,7069,4399,8293,8761,7877,4886,9214,876,787,488,921,807,745,455,836,0.4842,0.5960,0.4550,0.5016,0,0,0,0,-1.12,-1.00,-1.14,-1.10
7.95,882,826,493,870,1763,1676,985,1775,2644,2481,1476,2579,3522,3296,1964,3495,4400,4094,2453,4336,5280,4837,2942,5212,6160,5619,3433,6094,7042,6420,3925,6979,7924,7225,4417,7875,8805,8046,4908,8768,880,804,490,876,811,762,457,791,0.4866,0.6096,0.4570,0.4746,0,0,0,0,-1.11,-0.99,-1.14,-1.13
8.04,881,720,491,1023,1762,1522,981,1910,2644,2381,1472,2819,3524,3191,1961,3712,4406,3952,2452,4567,5287,4723,2942,5419,6171,5524,3436,6283,7052,6317,3930,7179,7940,7121,4424,8090,8824,7929,4918,9011,882,792,491,901,813,750,458,816,0.4878,0.6000,0.4580,0.4896,0,0,0,0,-1.11,-1.00,-1.14,-1.11
8.12,883,873,492,883,1766,1630,986,1861,2651,2382,1478,2771,3533,3180,1970,3679,4416,3958,2462,4552,5298,4762,2955,5465,6182,5567,3448,6370,7066,6366,3942,7285,7950,7168,4438,8194,8837,7981,4934,9107,883,798,493,910,814,756,460,825,0.4884,0.6048,0.4600,0.4950,0,0,0,0,-1.11,-1.00,-1.14,-1.11
8.20,889,879,495,1023,1776,1631,991,1873,2664,2371,1487,2735,3554,3173,1985,3675,4444,3950,2483,4664,5334,4741,2979,5595,6220,5565,3472,6514,7106,6378,3966,7448,7993,7194,4459,8393,8885,8016,4957,9339,888,801,495,933,819,759,462,848,0.4914,0.6072,0.4620,0.5088,0,0,0,0,-1.11,-0.99,-1.14,-1.09
8.29,893,948,502,940,1786,1713,1001,1951,2679,2516,1500,2871,3569,3288,1997,3734,4459,4035,2491,4629,5348,4805,2986,5518,6238,5584,3482,6435,7128,6384,3978,7353,8021,7194,4477,8271,8914,8015,4974,9187,891,801,497,918,822,759,464,833,0.4932,0.6072,0.4640,0.4998,0,0,0,0,-1.11,-0.99,-1.14,-1.10
8.37,890,1023,498,1023,1784,1790,999,1924,2678,2552,1500,2818,3570,3430,2000,3767,4463,4233,2498,4695,5354,5041,2994,5626,6244,5858,3492,6573,7135,6678,3990,7499,8028,7499,4492,8431,8922,8325,4991,9368,892,832,499,936,823,790,466,851,0.4938,0.6320,0.4660,0.5106,0,0,0,0,-1.11,-0.97,-1.13,-1.09
8.45,896,963,497,759,1790,1767,994,1549,2685,2545,1491,2430,3582,3329,1991,3322,4479,4171,2493,4217,5375,4995,2994,5082,6267,5803,3492,5961,7161,6621,3991,6841,8056,7444,4490,7740,8954,8282,4991,8656,895,828,499,865,826,786,466,780,0.4956,0.6288,0.4660,0.4680,0,0,0,0,-1.10,-0.97,-1.13,-1.13
8.54,902,878,506,941,1801,1710,1012,1863,2700,2576,1517,2801,3601,3425,2023,3692,4500,4240,2526,4655,5397,5092,3028,5521,6299,5926,3533,6438,7201,6757,4037,7380,8102,7593,4538,8309,9002,8446,5041,9242,900,844,504,924,831,802,471,839,0.4986,0.6416,0.4710,0.5034,0,0,0,0,-1.10,-0.96,-1.13,-1.10
8.62,903,784,504,900,1803,1629,1005,1744,2702,2558,1505,2617,3602,3390,2005,3489,4503,4192,2508,4368,5404,5017,3011,5260,6307,5843,3516,6165,7205,6675,4019,7069,8107,7517,4520,7967,9003,8352,5020,8868,900,835,502,886,831,793,469,801,0.4986,0.6344,0.4690,0.4806,0,0,0,0,-1.10,-0.97,-1.13,-1.12
8.70,906,749,505,894,1809,1615,1007,1757,2710,2494,1508,2646,3610,3258,2008,3470,4511,4061,2508,4372,5415,4877,3014,5258,6319,5698,3517,6137,7221,6523,4021,7032,8123,7357,4522,7940,9023,8203,5025,8854,902,820,502,885,833,778,469,800,0.4998,0.6224,0.4690,0.4800,0,0,0,0,-1.10,-0.98,-1.13,-1.12
8.79,908,906,504,1006,1815,1625,1008,1815,2720,2478,1510,2707,3624,3320,2011,3644,4527,4127,2512,4619,5430,4909,3013,5558,6333,5731,3515,6533,7237,6545,4017,7491,8141,7368,4521,8443,9046,8204,5025,9401,904,820,502,940,835,778,469,855,0.5010,0.6224,0.4690,0.5130,0,0,0,0,-1.10,-0.98,-1.13,-1.09
8.87,902,842,504,870,1805,1615,1008,1807,2705,2376,1509,2682,3600,3169,2009,3558,4499,3957,2510,4426,5402,4768,3015,5321,6304,5594,3518,6238,7206,6426,4020,7149,8106,7276,4518,8062,9005,8131,5018,8985,900,813,501,898,831,771,468,813,0.4986,0.6168,0.4680,0.4878,0,0,0,0,-1.10,-0.98,-1.13,-1.11
8.95,908,850,505,980,1815,1735,1009,1848,2722,2621,1513,2788,3632,3469,2017,3688,4539,4301,2520,4640,5446,5162,3022,5585,6352,6020,3523,6516,7258,6875,4024,7459,8162,7724,4523,8410,9065,8579,5022,9364,906,857,502,936,837,815,469,851,0.5022,0.6520,0.4690,0.5106,0,0,0,0,-1.10,-0.95,-1.13,-1.09
9.04,901,828,498,917,1803,1623,999,1785,2705,2466,1504,2663,3609,3244,2009,3611,4511,4076,2511,4519,5412,4856,3013,5431,6314,5696,3517,6360,7218,6516,4021,7297,8122,7374,4525,8235,9024,8244,5026,9164,902,824,502,916,833,782,469,831,0.4998,0.6256,0.4690,0.4986,0,0,0,0,-1.10,-0.97,-1.13,-1.10
9.12,905,831,506,833,1808,1669,1008,1737,2709,2468,1511,2597,3611,3378,2013,3487,4510,4189,2516,4399,5413,4982,3020,5307,6315,5806,3524,6213,7216,6656,4030,7156,8123,7522,4537,8104,9025,8386,5043,9062,902,838,504,906,833,796,471,821,0.4998,0.6368,0.4710,0.4926,0,0,0,0,-1.10,-0.96,-1.13,-1.11
9.20,909,862,507,893,1817,1645,1015,1893,2726,2467,1523,2864,3635,3303,2031,3844,4542,4191,2538,4771,5451,5048,3044,5711,6357,5891,3550,6670,7264,6740,4055,7642,8170,7587,4556,8604,9075,8443,5062,9572,907,844,506,957,838,802,473,872,0.5028,0.6416,0.4730,0.5232,0,0,0,0,-1.10,-0.96,-1.13,-1.08
9.29,909,839,505,885,1820,1772,1013,1908,2732,2652,1519,2791,3643,3495,2025,3706,4551,4363,2530,4608,5459,5204,3032,5510,6365,6054,3536,6443,7274,6914,4039,7378,8184,7785,4546,8306,9095,8658,5054,9238,909,865,505,923,840,823,472,838,0.5040,0.6584,0.4720,0.5028,0,0,0,0,-1.10,-0.94,-1.13,-1.10
9.37,914,1003,506,943,1825,1940,1009,1776,2738,2774,1513,2786,3650,3535,2022,3740,4566,4422,2528,4736,5478,5293,3035,5704,6391,6138,3540,6665,7300,7022,4043,7634,8212,7915,4553,8611,9127,8806,5061,9585,912,880,506,958,843,838,473,873,0.5058,0.6704,0.4730,0.5238,0,0,0,0,-1.09,-0.93,-1.13,-1.08
9.45,916,747,508,911,1832,1517,1018,1751,2746,2358,1526,2576,3660,3172,2034,3453,4572,4088,2538,4346,5483,4945,3041,5317,6393,5765,3545,6256,7304,6603,4050,7176,8217,7465,4556,8097,9128,8329,5066,9024,912,832,506,902,843,790,473,817,0.5058,0.6320,0.4730,0.4902,0,0,0,0,-1.09,-0.97,-1.13,-1.11
9.54,912,805,504,1011,1825,1594,1009,1898,2738,2457,1516,2831,3656,3313,2025,3743,4571,4165,2533,4699,5483,5006,3037,5636,6397,5857,3547,6563,7310,6719,4053,7512,8220,7584,4557,8470,9134,8456,5064,9435,913,845,506,943,844,803,473,858,0.5064,0.6424,0.4730,0.5148,0,0,0,0,-1.09,-0.96,-1.13,-1.09
9.62,916,816,509,1023,1829,1672,1015,2046,2743,2477,1522,2994,3662,3287,2029,4003,4577,4114,2537,4942,5493,4991,3043,5918,6404,5857,3550,6828,7317,6748,4055,7764,8232,7630,4560,8718,9148,8510,5071,9684,914,851,507,968,845,809,474,883,0.5070,0.6472,0.4740,0.5298,0,0,0,0,-1.09,-0.95,-1.13,-1.07
9.70,918,786,510,1023,1834,1721,1019,1863,2748,2546,1526,2883,3666,3363,2032,3752,4583,4213,2538,4753,5497,5099,3046,5753,6413,5980,3556,6723,7326,6846,4061,7703,8241,7704,4572,8687,9159,8579,5080,9672,915,857,508,967,846,815,475,882,0.5076,0.6520,0.4750,0.5292,0,0,0,0,-1.09,-0.95,-1.12,-1.07
9.79,920,1018,512,1023,1837,1904,1022,1906,2756,2670,1533,2926,3676,3579,2046,3919,4595,4439,2556,4901,5513,5332,3064,5908,6433,6205,3575,6889,7353,7104,4087,7873,8271,8006,4597,8857,9188,8914,5105,9852,918,891,510,985,849,849,477,900,0.5094,0.6792,0.4770,0.5400,0,0,0,0,-1.09,-0.92,-1.12,-1.06
9.87,917,807,510,938,1834,1617,1023,1841,2753,2419,1535,2825,3667,3213,2045,3789,4584,4024,2557,4778,5504,4852,3071,5724,6420,5672,3581,6668,7337,6521,4091,7632,8255,7388,4603,8590,9175,8272,5116,9558,917,827,511,955,848,785,478,870,0.5088,0.6280,0.4780,0.5220,0,0,0,0,-1.09,-0.97,-1.12,-1.08
9.95,921,817,513,889,1843,1767,1024,1851,2761,2612,1532,2749,3682,3433,2041,3627,4603,4257,2553,4625,5522,5113,3063,5518,6441,5936,3574,6456,7362,6767,4086,7390,8280,7613,4596,8318,9204,8479,5111,9264,920,847,511,926,851,805,478,841,0.5106,0.6440,0.4780,0.5046,0,0,0,0,-1.09,-0.96,-1.12,-1.10
10.04,919,827,508,982,1838,1761,1019,1974,2757,2721,1531,2882,3677,3608,2046,3810,4600,4473,2561,4827,5522,5344,3076,5828,6443,6246,3590,6821,7362,7130,4100,7799,8280,8026,4611,8769,9201,8934,5124,9746,920,893,512,974,851,851,479,889,0.5106,0.6808,0.4790,0.5334,0,0,0,0,-1.09,-0.92,-1.12,-1.07
10.12,923,921,515,942,1848,1792,1033,1802,2771,2693,1547,2701,3693,3658,2058,3609,4620,4489,2571,4571,5543,5341,3081,5548,6464,6208,3592,6474,7387,7072,4106,7418,8311,7937,4621,8366,9232,8814,5132,9317,923,881,513,931,854,839,480,846,0.5124,0.6712,0.4800,0.5076,0,0,0,0,-1.09,-0.93,-1.12,-1.09
10.20,925,954,515,1023,1846,1722,1026,1871,2769,2693,1540,2804,3693,3609,2055,3684,4611,4492,2566,4619,5532,5413,3079,5554,6456,6288,3593,6465,7378,7172,4104,7384,8298,8065,4616,8332,9222,8972,5131,9298,922,897,513,929,853,855,480,844,0.5118,0.6840,0.4800,0.5064,0,0,0,0,-1.09,-0.92,-1.12,-1.09
10.29,924,878,511,893,1851,1901,1026,1819,2776,2910,1539,2842,3701,3738,2053,3818,4627,4527,2567,4813,5552,5382,3080,5804,6478,6284,3595,6793,7402,7217,4106,7765,8330,8144,4622,8750,9251,9066,5134,9745,925,906,513,974,856,864,480,889,0.5136,0.6912,0.4800,0.5334,0,0,0,0,-1.09,-0.91,-1.12,-1.07
10.37,927,774,515,989,1857,1596,1035,1962,2786,2487,1550,2985,3714,3377,2065,3940,4643,4273,2582,4910,5570,5174,3097,5921,6500,6042,3616,6924,7426,6918,4131,7932,8354,7812,4649,8941,9280,8706,5166,9948,928,870,516,994,859,828,483,909,0.5154,0.6624,0.4830,0.5454,0,0,0,0,-1.08,-0.94,-1.12,-1.05
10.45,923,895,514,1023,1848,1742,1031,1957,2773,2567,1548,2955,3699,3416,2064,3919,4624,4298,2577,4893,5549,5159,3094,5884,6474,6004,3611,6907,7396,6869,4124,7930,8323,7743,4641,8939,9247,8622,5153,9945,924,862,515,994,855,820,482,909,0.5130,0.6560,0.4820,0.5454,0,0,0,0,-1.09,-0.94,-1.12,-1.05
10.54,923,911,515,947,1849,1722,1033,1970,2774,2569,1550,2964,3696,3387,2062,3890,4620,4284,2577,4901,5549,5145,3097,5918,6474,6077,3613,6920,7397,6965,4129,7907,8323,7878,4647,8901,9248,8788,5165,9897,924,878,516,989,855,836,483,904,0.5130,0.6688,0.4830,0.5424,0,0,0,0,-1.09,-0.93,-1.12,-1.06
10.62,926,998,517,944,1848,1800,1031,1789,2774,2679,1547,2712,3705,3654,2065,3676,4632,4555,2582,4618,5557,5479,3097,5559,6486,6397,3615,6504,7412,7302,4132,7457,8335,8213,4647,8422,9263,9133,5166,9402,926,913,516,940,857,871,483,855,0.5142,0.6968,0.4830,0.5130,0,0,0,0,-1.09,-0.90,-1.12,-1.09
10.70,931,893,520,939,1860,1755,1036,1844,2788,2597,1552,2790,3716,3439,2068,3721,4644,4318,2583,4661,5573,5204,3101,5620,6495,6113,3616,6601,7423,7021,4135,7590,8351,7922,4653,8574,9278,8825,5168,9555,927,882,516,955,858,840,483,870,0.5148,0.6720,0.4830,0.5220,0,0,0,0,-1.09,-0.93,-1.12,-1.08
10.79,930,948,518,1023,1858,1829,1034,1965,2788,2766,1553,2965,3717,3585,2071,3988,4644,4446,2587,4980,5570,5363,3105,5945,6500,6258,3625,6968,7429,7142,4143,7989,8353,8023,4658,8986,9282,8908,5178,9991,928,890,517,999,859,848,484,914,0.5154,0.6784,0.4840,0.5484,0,0,0,0,-1.08,-0.92,-1.12,-1.05
10.87,932,944,520,928,1861,1807,1038,1951,2792,2560,1557,2838,3725,3370,2078,3758,4652,4223,2594,4706,5582,5093,3112,5691,6515,6000,3633,6644,7445,6926,4153,7593,8371,7828,4669,8549,9301,8734,5187,9514,930,873,518,951,861,831,485,866,0.5166,0.6648,0.4850,0.5196,0,0,0,0,-1.08,-0.94,-1.12,-1.08
10.95,929,845,518,905,1862,1704,1043,1918,2794,2598,1563,2941,3724,3516,2076,3925,4654,4345,2593,4938,5587,5223,3113,5918,6519,6110,3632,6892,7448,6993,4148,7883,8377,7884,4666,8886,9308,8787,5182,9890,930,878,518,989,861,836,485,904,0.5166,0.6688,0.4850,0.5424,0,0,0,0,-1.08,-0.93,-1.12,-1.06
11.04,931,877,522,966,1865,1744,1046,1942,2797,2565,1566,2965,3728,3423,2086,3856,4664,4306,2610,4836,5598,5227,3131,5850,6527,6115,3650,6834,7462,7005,4173,7830,8393,7907,4693,8831,9325,8829,5212,9839,932,882,521,983,863,840,488,898,0.5178,0.6720,0.4880,0.5388,0,0,0,0,-1.08,-0.93,-1.11,-1.06
11.12,933,827,520,910,1865,1773,1040,1853,2797,2671,1564,2867,3728,3494,2083,3844,4660,4410,2603,4866,5594,5311,3126,5835,6526,6242,3647,6823,7458,7159,4166,7802,8390,8073,4684,8803,9324,8991,5206,9822,932,899,520,982,863,857,487,897,0.5178,0.6856,0.4870,0.5382,0,0,0,0,-1.08,-0.91,-1.11,-1.06
11.20,936,992,520,859,1875,2015,1043,1882,2815,2893,1562,2904,3750,3817,2080,3885,4688,4714,2601,4898,5627,5596,3122,5887,6561,6477,3639,6880,7497,7369,4159,7879,8437,8279,4679,8891,9373,9190,5198,9911,937,919,519,991,868,877,486,906,0.5208,0.7016,0.4860,0.5436,0,0,0,0,-1.08,-0.90,-1.11,-1.06
11.29,937,829,524,929,1871,1732,1043,1908,2808,2606,1566,2846,3741,3590,2086,3869,4676,4482,2607,4791,5609,5348,3128,5725,6542,6233,3646,6658,7477,7139,4169,7650,8408,8040,4687,8647,9343,8961,5210,9668,934,896,521,966,865,854,488,881,0.5190,0.6832,0.4880,0.5286,0,0,0,0,-1.08,-0.92,-1.11,-1.07
11.37,939,960,524,855,1874,1970,1048,1731,2810,2841,1568,2622,3745,3738,2089,3582,4683,4624,2617,4553,5620,5613,3141,5526,6554,6514,3658,6491,7489,7453,4179,7453,8423,8381,4703,8411,9360,9318,5226,9380,936,931,522,938,867,889,489,853,0.5202,0.7112,0.4890,0.5118,0,0,0,0,-1.08,-0.89,-1.11,-1.09
11.45,944,947,524,931,1884,1944,1045,1954,2826,2844,1568,2977,3771,3660,2092,3890,4714,4599,2614,4911,5654,5581,3135,5885,6597,6526,3659,6903,7541,7443,4183,7923,8482,8353,4703,8943,9424,9272,5227,9966,942,927,522,996,873,885,489,911,0.5238,0.7080,0.4890,0.5466,0,0,0,0,-1.08,-0.89,-1.11,-1.05
11.54,942,1023,524,1023,1885,2033,1050,2046,2825,2789,1571,3069,3767,3812,2095,4065,4711,4738,2622,5087,5653,5632,3148,6078,6594,6599,3670,7082,7537,7553,4192,8105,8481,8512,4718,9128,9424,9454,5243,10151,942,945,524,1015,873,903,491,930,0.5238,0.7224,0.4910,0.5580,0,0,0,0,-1.08,-0.88,-1.11,-1.04
11.62,942,898,523,962,1887,1867,1049,1883,2831,2791,1574,2812,3774,3692,2096,3736,4716,4591,2620,4683,5661,5529,3148,5573,6603,6481,3672,6526,7543,7404,4195,7524,8485,8307,4718,8523,9431,9238,5244,9529,943,923,524,952,874,881,491,867,0.5244,0.7048,0.4910,0.5202,0,0,0,0,-1.08,-0.90,-1.11,-1.08
11.70,946,928,527,972,1888,1833,1048,1954,2831,2753,1574,2929,3777,3663,2102,3842,4722,4579,2625,4816,5667,5492,3152,5775,6610,6410,3677,6756,7553,7317,4205,7754,8494,8232,4729,8764,9439,9169,5259,9779,943,916,525,977,874,874,492,892,0.5244,0.6992,0.4920,0.5352,0,0,0,0,-1.08,-0.90,-1.11,-1.06
11.79,946,912,525,974,1892,1793,1052,1969,2843,2711,1581,2992,3790,3658,2104,4015,4736,4575,2629,5008,5684,5545,3158,6031,6632,6494,3686,7054,7576,7407,4208,8045,8522,8328,4734,9055,9471,9270,5259,10078,947,927,525,1007,878,885,492,922,0.5268,0.7080,0.4920,0.5532,0,0,0,0,-1.07,-0.89,-1.11,-1.05
11.87,945,958,527,979,1890,1849,1057,2002,2837,2720,1585,3025,3781,3620,2110,3963,4729,4509,2639,4945,5675,5413,3166,5937,6619,6339,3692,6931,7568,7286,4221,7948,8511,8207,4746,8966,9455,9138,5273,9989,945,913,527,998,876,871,494,913,0.5256,0.6968,0.4940,0.5478,0,0,0,0,-1.07,-0.90,-1.11,-1.05
11.95,948,812,531,993,1895,1699,1059,2016,2837,2692,1586,3021,3782,3491,2117,4030,4728,4410,2646,5053,5672,5334,3172,6069,6617,6213,3701,7092,7565,7131,4231,8115,8510,8075,4756,9138,9452,9037,5283,10161,945,903,528,1016,876,861,495,931,0.5256,0.6888,0.4950,0.5586,0,0,0,0,-1.07,-0.91,-1.11,-1.04
12.04,951,885,532,968,1902,1695,1062,1987,2849,2597,1589,2918,3800,3497,2123,3843,4748,4406,2651,4757,5696,5308,3178,5741,6646,6223,3709,6763,7593,7139,4236,7759,8542,8068,4766,8737,9491,9008,5296,9724,949,900,529,972,880,858,496,887,0.5280,0.6864,0.4960,0.5322,0,0,0,0,-1.07,-0.91,-1.10,-1.07
12.12,949,871,532,977,1901,1806,1064,1956,2851,2661,1593,2938,3801,3545,2120,3830,4750,4435,2649,4789,5702,5337,3180,5811,6653,6227,3710,6834,7600,7114,4237,7857,8551,8017,4768,8880,9501,8943,5298,9903,950,894,529,990,881,852,496,905,0.5286,0.6816,0.4960,0.5430,0,0,0,0,-1.07,-0.92,-1.10,-1.06
12.20,952,944,530,938,1901,1967,1060,1884,2855,2974,1593,2907,3806,3944,2124,3878,4756,4967,2655,4854,5709,5912,3189,5860,6662,6867,3723,6879,7613,7827,4254,7900,8565,8788,4786,8923,9517,9752,5318,9946,951,975,531,994,882,933,498,909,0.5292,0.7464,0.4980,0.5454,0,0,0,0,-1.07,-0.85,-1.10,-1.05
12.29,959,874,534,1023,1912,1805,1064,1920,2867,2763,1598,2943,3822,3621,2131,3966,4778,4518,2666,4989,5733,5437,3199,6012,6686,6355,3730,7035,7643,7271,4265,8058,8595,8207,4795,9081,9547,9149,5326,10104,954,914,532,1010,885,872,499,925,0.5310,0.6976,0.4990,0.5550,0,0,0,0,-1.07,-0.90,-1.10,-1.05
12.37,955,974,530,989,1908,1937,1061,1938,2866,2906,1594,2961,3822,3807,2123,3984,4777,4758,2654,5007,5733,5663,3187,6030,6686,6559,3717,7053,7641,7465,4249,8076,8596,8364,4782,9099,9550,9285,5312,10122,955,928,531,1012,886,886,498,927,0.5316,0.7088,0.4980,0.5562,0,0,0,0,-1.07,-0.89,-1.10,-1.04
12.45,957,936,530,1023,1915,1869,1065,1958,2874,2806,1597,2981,3829,3719,2127,3927,4788,4688,2664,4873,5745,5625,3194,5851,6701,6551,3725,6874,7655,7471,4255,7897,8613,8404,4790,8920,9570,9354,5323,9943,957,935,532,994,888,893,499,909,0.5328,0.7144,0.4990,0.5454,0,0,0,0,-1.07,-0.89,-1.10,-1.05
12.54,957,1023,535,1023,1915,1845,1068,2046,2871,2835,1599,3069,3829,3826,2133,4092,4787,4778,2665,5097,5743,5698,3195,6120,6702,6651,3729,7143,7661,7594,4262,8166,8616,8524,4794,9189,9575,9478,5329,10212,957,947,532,1021,888,905,499,936,0.5328,0.7240,0.4990,0.5616,0,0,0,0,-1.07,-0.88,-1.10,-1.04
12.62,968,926,537,999,1938,1949,1078,1930,2906,2840,1616,2899,3873,3759,2153,3922,4843,4734,2694,4939,5812,5631,3231,5962,6780,6541,3770,6956,7750,7435,4311,7966,8719,8346,4849,8989,9685,9282,5386,10012,968,928,538,1001,899,886,505,916,0.5394,0.7088,0.5050,0.5496,0,0,0,0,-1.06,-0.89,-1.10,-1.05
12.70,945,950,535,947,1886,1900,1067,1938,2828,2918,1598,2939,3776,3857,2133,3907,4720,4827,2665,4885,5662,5775,3197,5908,6606,6727,3731,6931,7549,7646,4263,7954,8495,8597,4798,8977,9439,9563,5330,10000,943,956,533,1000,874,914,500,915,0.5244,0.7312,0.5000,0.5490,0,0,0,0,-1.08,-0.87,-1.10,-1.05
12.79,950,991,536,883,1895,1896,1068,1855,2844,2730,1604,2878,3792,3600,2140,3901,4737,4502,2674,4890,5685,5369,3212,5911,6632,6294,3748,6934,7578,7230,4283,7957,8528,8166,4821,8980,9475,9109,5356,10003,947,910,535,1000,878,868,502,915,0.5268,0.6944,0.5020,0.5490,0,0,0,0,-1.07,-0.91,-1.10,-1.05
12.87,951,1023,539,989,1897,2046,1075,1947,2849,3016,1616,2970,3797,3980,2154,3993,4744,4961,2689,5016,5692,5842,3226,6039,6641,6749,3764,7062,7588,7717,4301,8085,8532,8692,4836,9108,9478,9655,5374,10131,947,965,537,1013,878,923,504,928,0.5268,0.7384,0.5040,0.5568,0,0,0,0,-1.07,-0.86,-1.10,-1.04
12.95,947,989,537,1023,1897,1973,1076,1982,2846,2920,1613,2972,3791,3770,2149,3990,4738,4685,2686,5013,5687,5602,3224,6036,6634,6497,3760,7059,7582,7450,4295,8082,8528,8421,4832,9105,9479,9394,5371,10128,947,939,537,1012,878,897,504,927,0.5268,0.7176,0.5040,0.5562,0,0,0,0,-1.07,-0.88,-1.10,-1.04
13.04,950,793,539,1023,1902,1706,1079,1970,2849,2661,1615,2926,3797,3654,2152,3944,4753,4545,2692,4967,5702,5501,3229,5990,6650,6442,3766,7013,7604,7406,4307,8036,8555,8361,4846,9059,9503,9335,5383,10082,950,933,538,1008,881,891,505,923,0.5286,0.7128,0.5050,0.5538,0,0,0,0,-1.07,-0.89,-1.10,-1.05
13.12,951,1023,537,1023,1900,1872,1075,1954,2848,2779,1612,2977,3800,3767,2152,4000,4751,4738,2692,4996,5700,5713,3227,6019,6648,6667,3764,7039,7600,7664,4305,8024,8548,8657,4838,9029,9496,9644,5375,10052,949,964,537,1005,880,922,504,920,0.5280,0.7376,0.5040,0.5520,0,0,0,0,-1.07,-0.86,-1.10,-1.05
13.20,952,1023,539,1018,1903,1975,1078,1957,2854,2969,1618,2913,3803,3952,2155,3883,4758,4929,2694,4906,5706,5912,3233,5888,6656,6857,3773,6870,7607,7788,4313,7877,8556,8734,4850,8876,9508,9701,5394,9870,950,970,539,987,881,928,506,902,0.5286,0.7424,0.5060,0.5412,0,0,0,0,-1.07,-0.86,-1.09,-1.06
13.29,953,947,540,1023,1904,1853,1077,2046,2853,2789,1615,3002,3807,3760,2156,4025,4753,4705,2693,5029,5710,5694,3234,6052,6662,6640,3775,7075,7612,7593,4312,8098,8563,8555,4851,9121,9516,9527,5392,10144,951,952,539,1014,882,910,506,929,0.5292,0.7280,0.5060,0.5574,0,0,0,0,-1.07,-0.87,-1.09,-1.04
13.37,952,944,540,1023,1908,1803,1082,2046,2862,2609,1621,3069,3813,3519,2158,4092,4767,4446,2699,5115,5721,5372,3241,6138,6672,6304,3778,7161,7624,7275,4318,8184,8579,8265,4860,9207,9532,9251,5397,10230,953,925,539,1023,884,883,506,938,0.5304,0.7064,0.5060,0.5628,0,0,0,0,-1.07,-0.89,-1.09,-1.04
13.45,955,1023,539,878,1914,2046,1082,1858,2868,2915,1621,2853,3825,3889,2164,3870,4780,4890,2704,4856,5737,5850,3244,5872,6693,6843,3785,6895,7647,7791,4326,7918,8603,8760,4867,8941,9557,9729,5407,9964,955,972,540,996,886,930,507,911,0.5316,0.7440,0.5070,0.5466,0,0,0,0,-1.07,-0.86,-1.09,-1.05
13.54,953,966,537,1023,1910,1924,1082,1986,2859,2947,1621,3000,3813,3943,2162,3977,4768,4943,2704,5000,5719,5942,3244,6023,6674,6897,3787,7046,7626,7865,4326,8069,8580,8836,4869,9092,9534,9814,5409,10115,953,981,540,1011,884,939,507,926,0.5304,0.7512,0.5070,0.5556,0,0,0,0,-1.07,-0.85,-1.09,-1.04
13.62,956,1023,543,1023,1909,2000,1083,2046,2866,2942,1626,3069,3820,3831,2165,4083,4774,4723,2710,5106,5728,5613,3252,6126,6681,6533,3792,7149,7637,7487,4336,8172,8589,8449,4875,9195,9541,9420,5415,10218,954,942,541,1021,885,900,508,936,0.5310,0.7200,0.5080,0.5616,0,0,0,0,-1.07,-0.88,-1.09,-1.04
13.70,957,816,543,1023,1913,1839,1085,2046,2871,2852,1629,3069,3828,3875,2170,4022,4783,4839,2712,5031,5741,5822,3257,6054,6696,6786,3800,7077,7652,7786,4342,8100,8607,8798,4883,9123,9561,9816,5424,10146,956,981,542,1014,887,939,509,929,0.5322,0.7512,0.5090,0.5574,0,0,0,0,-1.07,-0.85,-1.09,-1.04
13.79,955,851,541,958,1914,1874,1086,1981,2871,2897,1628,3004,3828,3861,2174,3939,4787,4884,2716,4962,5743,5896,3259,5985,6702,6878,3802,7008,7657,7827,4342,8031,8616,8819,4887,9054,9569,9827,5429,10077,956,982,542,1007,887,940,509,922,0.5322,0.7520,0.5090,0.5532,0,0,0,0,-1.07,-0.85,-1.09,-1.05
13.87,955,818,542,944,1911,1783,1085,1967,2870,2673,1631,2870,3831,3641,2177,3810,4790,4539,2722,4824,5747,5465,3263,5830,6704,6390,3806,6828,7662,7340,4352,7851,8621,8322,4898,8874,9578,9319,5442,9897,957,931,544,989,888,889,511,904,0.5328,0.7112,0.5110,0.5424,0,0,0,0,-1.07,-0.89,-1.09,-1.06
13.95,958,1023,543,1023,1916,1917,1086,2023,2872,2890,1632,2993,3828,3825,2174,3971,4788,4805,2721,4994,5746,5778,3265,6012,6701,6726,3806,7032,7659,7690,4351,8044,8617,8673,4896,9053,9572,9663,5440,10076,957,966,544,1007,888,924,511,922,0.5328,0.7392,0.5110,0.5532,0,0,0,0,-1.07,-0.86,-1.09,-1.05
14.04,961,1023,547,1023,1918,1983,1090,2046,2879,2885,1638,3056,3839,3868,2181,4079,4797,4823,2724,5102,5758,5810,3271,6122,6712,6799,3816,7145,7674,7789,4363,8168,8634,8785,4908,9191,9593,9788,5452,10214,959,978,545,1021,890,936,512,936,0.5340,0.7488,0.5120,0.5616,0,0,0,0,-1.07,-0.85,-1.09,-1.04
14.12,964,1023,547,1023,1929,1973,1094,2012,2890,2953,1637,2918,3851,3874,2182,3941,4816,4768,2727,4927,5779,5765,3274,5950,6739,6735,3820,6973,7702,7710,4366,7996,8666,8680,4914,9019,9628,9668,5459,10042,962,966,545,1004,893,924,512,919,0.5358,0.7392,0.5120,0.5514,0,0,0,0,-1.06,-0.86,-1.09,-1.05
14.20,964,1023,545,1023,1926,2046,1091,2046,2890,2954,1639,3069,3850,3966,2182,4092,4810,4977,2726,5115,5774,5948,3273,6138,6734,6919,3816,7161,7697,7907,4361,8184,8661,8906,4908,9207,9620,9897,5451,10230,962,989,545,1023,893,947,512,938,0.5358,0.7576,0.5120,0.5628,0,0,0,0,-1.06,-0.84,-1.09,-1.04
14.29,965,1023,548,1023,1929,2005,1094,1982,2889,3028,1639,2937,3856,4036,2188,3960,4819,5044,2736,4940,5781,6003,3281,5923,6744,6966,3829,6946,7707,7936,4377,7969,8668,8939,4923,8992,9629,9945,5468,10015,962,994,546,1001,893,952,513,916,0.5358,0.7616,0.5130,0.5496,0,0,0,0,-1.06,-0.84,-1.09,-1.05
14.37,964,971,553,957,1928,1994,1100,1871,2890,3017,1647,2890,3854,3977,2196,3907,4815,4985,2742,4930,5780,6008,3291,5923,6742,7007,3836,6894,7705,7994,4385,7917,8668,8987,4930,8940,9629,9992,5476,9963,962,999,547,996,893,957,514,911,0.5358,0.7656,0.5140,0.5466,0,0,0,0,-1.06,-0.83,-1.09,-1.05
14.45,961,1023,546,1021,1926,2020,1096,2044,2887,2997,1642,3044,3852,3993,2192,4060,4814,5016,2740,5083,5774,5996,3286,6093,6739,6949,3836,7116,7699,7898,4382,8139,8661,8886,4928,9162,9625,9907,5477,10185,962,990,547,1018,893,948,514,933,0.5358,0.7584,0.5140,0.5598,0,0,0,0,-1.06,-0.84,-1.09,-1.04
14.54,967,987,548,1023,1932,1972,1095,2046,2902,2960,1645,3048,3868,3980,2194,4071,4831,5003,2738,5094,5794,5992,3285,6117,6761,6978,3835,7140,7728,8001,4384,8163,8690,9024,4929,9186,9655,10046,5476,10209,965,1004,547,1020,896,962,514,935,0.5376,0.7696,0.5140,0.5610,0,0,0,0,-1.06,-0.83,-1.09,-1.04
14.62,966,935,549,1023,1931,1848,1095,2008,2896,2871,1643,3026,3864,3828,2194,4049,4831,4795,2743,5072,5797,5746,3286,6095,6761,6769,3834,7118,7731,7792,4385,8141,8697,8815,4934,9164,9660,9838,5480,10187,966,983,548,1018,897,941,515,933,0.5382,0.7528,0.5150,0.5598,0,0,0,0,-1.06,-0.85,-1.09,-1.04
14.70,964,967,549,1023,1930,1936,1098,2046,2898,2959,1649,2998,3862,3920,2197,3973,4827,4943,2747,4996,5794,5914,3298,6019,6755,6937,3845,7042,7722,7960,4396,8065,8685,8983,4945,9088,9650,9998,5495,10111,965,999,549,1011,896,957,516,926,0.5376,0.7656,0.5160,0.5556,0,0,0,0,-1.06,-0.83,-1.08,-1.04
14.79,969,981,551,1023,1936,2004,1103,2046,2904,3027,1655,3047,3870,4015,2205,4070,4840,4944,2758,5093,5807,5906,3307,6116,6773,6881,3856,7139,7743,7852,4409,8162,8709,8831,4957,9185,9676,9824,5507,10208,967,982,550,1020,898,940,517,935,0.5388,0.7520,0.5170,0.5610,0,0,0,0,-1.06,-0.85,-1.08,-1.04
14.87,968,1007,550,1023,1936,2030,1101,1991,2903,3009,1653,3014,3868,3990,2201,4037,4834,4882,2749,5060,5801,5887,3299,6083,6767,6869,3849,7106,7735,7862,4401,8129,8699,8877,4947,9152,9663,9889,5495,10175,966,988,549,1017,897,946,516,932,0.5382,0.7568,0.5160,0.5592,0,0,0,0,-1.06,-0.84,-1.08,-1.04
14.95,970,943,554,998,1940,1931,1107,2021,2906,2851,1656,3044,3876,3811,2209,4067,4846,4807,2762,5090,5812,5799,3311,6113,6778,6814,3863,7136,7749,7785,4416,8159,8716,8770,4965,9182,9683,9770,5517,10205,968,977,551,1020,899,935,518,935,0.5394,0.7480,0.5180,0.5610,0,0,0,0,-1.06,-0.85,-1.08,-1.04
15.04,970,1023,552,1023,1940,1924,1105,2046,2912,2840,1660,3069,3882,3863,2212,4092,4852,4869,2765,5083,5823,5821,3320,6106,6796,6816,3874,7129,7765,7812,4425,8152,8734,8831,4976,9175,9706,9848,5529,10198,970,984,552,1019,901,942,519,934,0.5406,0.7536,0.5190,0.5604,0,0,0,0,-1.06,-0.85,-1.08,-1.04
15.12,973,1023,555,1023,1945,1958,1108,2046,2915,2977,1660,3034,3888,3942,2217,4057,4860,4965,2772,5064,5828,5921,3325,6087,6801,6873,3880,7110,7773,7860,4436,8133,8744,8854,4990,9156,9714,9850,5544,10179,971,985,554,1017,902,943,521,932,0.5412,0.7544,0.5210,0.5592,0,0,0,0,-1.06,-0.85,-1.08,-1.04
15.20,970,1012,553,1023,1940,2027,1108,2046,2913,3049,1665,3061,3885,3960,2220,4084,4856,4929,2773,5107,5826,5952,3325,6113,6797,6975,3878,7136,7771,7998,4435,8159,8743,9014,4990,9182,9715,10037,5543,10205,971,1003,554,1020,902,961,521,935,0.5412,0.7688,0.5210,0.5610,0,0,0,0,-1.06,-0.83,-1.08,-1.04
15.29,973,1023,554,1023,1948,1890,1110,2046,2917,2818,1661,3069,3892,3797,2218,4092,4867,4763,2773,5115,5843,5770,3330,6138,6817,6793,3885,7161,7791,7799,4440,8184,8766,8803,4994,9207,9738,9812,5547,10230,973,981,554,1023,904,939,521,938,0.5424,0.7512,0.5210,0.5628,0,0,0,0,-1.06,-0.85,-1.08,-1.04
15.37,977,1023,559,1023,1953,1960,1116,2046,2928,2940,1668,3050,3902,3891,2225,4053,4878,4871,2783,5076,5851,5894,3337,6098,6824,6890,3892,7121,7800,7884,4454,8144,8772,8880,5008,9167,9746,9883,5563,10190,974,988,556,1019,905,946,523,934,0.5430,0.7568,0.5230,0.5604,0,0,0,0,-1.06,-0.84,-1.08,-1.04
15.45,977,912,554,1023,1953,1935,1106,2011,2927,2958,1655,2967,3903,3976,2207,3990,4879,4999,2758,5013,5850,5983,3309,6036,6823,6992,3860,7059,7800,7991,4412,8082,8776,9014,4964,9105,9748,10037,5513,10128,974,1003,551,1012,905,961,518,927,0.5430,0.7688,0.5180,0.5562,0,0,0,0,-1.06,-0.83,-1.08,-1.04
15.54,980,1023,556,1023,1954,2036,1106,2046,2932,3036,1661,3069,3909,4059,2215,4092,4884,5059,2767,5115,5863,6030,3323,6138,6840,6995,3874,7161,7815,7966,4426,8184,8795,8967,4980,9207,9770,9981,5531,10230,977,998,553,1023,908,956,520,938,0.5448,0.7648,0.5200,0.5628,0,0,0,0,-1.06,-0.84,-1.08,-1.04
15.62,978,1023,554,998,1953,2046,1104,2001,2929,3057,1657,3024,3908,4065,2214,4047,4886,4989,2767,5070,5863,5990,3318,6093,6839,7005,3871,7105,7818,7980,4426,8128,8793,8981,4978,9151,9768,9998,5529,10174,976,999,552,1017,907,957,519,932,0.5442,0.7656,0.5190,0.5592,0,0,0,0,-1.06,-0.83,-1.08,-1.04
15.70,976,1023,549,958,1957,2046,1104,1976,2937,3017,1657,2999,3914,3931,2210,3988,4892,4916,2762,5011,5872,5936,3318,6034,6846,6923,3870,7047,7826,7922,4424,8070,8805,8936,4976,9093,9782,9959,5527,10116,978,995,552,1011,909,953,519,926,0.5454,0.7624,0.5190,0.5556,0,0,0,0,-1.05,-0.84,-1.08,-1.04
15.79,984,1023,555,1023,1963,2033,1106,2015,2943,2962,1658,2984,3925,3985,2214,4007,4906,5008,2766,5030,5881,6025,3319,6053,6861,7048,3873,7076,7843,8071,4428,8099,8823,9094,4980,9122,9803,10117,5531,10145,980,1011,553,1014,911,969,520,929,0.5466,0.7752,0.5200,0.5574,0,0,0,0,-1.05,-0.82,-1.08,-1.04
15.87,983,1023,554,1018,1969,1962,1109,2016,2954,2985,1665,2983,3939,4007,2220,4006,4922,5030,2773,5018,5907,5990,3329,6041,6891,6996,3884,7057,7874,8019,4436,8080,8861,9042,4994,9103,9845,10065,5549,10126,984,1006,554,1012,915,964,521,927,0.5490,0.7712,0.5210,0.5562,0,0,0,0,-1.05,-0.83,-1.08,-1.04
15.95,977,1023,556,1023,1955,2046,1113,2046,2931,3069,1669,3069,3905,4013,2222,4092,4880,4952,2782,5115,5857,5936,3336,6138,6831,6925,3889,7161,7810,7895,4447,8184,8784,8877,5000,9207,9757,9870,5554,10230,975,987,555,1023,906,945,522,938,0.5436,0.7560,0.5220,0.5628,0,0,0,0,-1.06,-0.84,-1.08,-1.04
16.04,980,999,557,1023,1960,1913,1114,2046,2936,2936,1670,3069,3917,3959,2229,4086,4896,4950,2785,5105,5872,5929,3342,6128,6851,6928,3900,7151,7823,7936,4453,8174,8801,8959,5013,9197,9779,9982,5571,10220,977,998,557,1022,908,956,524,937,0.5448,0.7648,0.5240,0.5622,0,0,0,0,-1.06,-0.84,-1.08,-1.04
16.12,977,899,555,1023,1955,1799,1110,2046,2937,2650,1669,3055,3918,3616,2227,4078,4897,4555,2784,5101,5872,5534,3339,6124,6848,6523,3895,7147,7828,7546,4453,8170,8807,8569,5014,9193,9784,9592,5569,10216,978,959,556,1021,909,917,523,936,0.5454,0.7336,0.5230,0.5616,0,0,0,0,-1.05,-0.87,-1.08,-1.04
16.21,978,956,558,1023,1956,1979,1117,2046,2930,2972,1673,3069,3905,3995,2230,4047,4881,5018,2790,5070,5857,5942,3350,6093,6834,6938,3909,7116,7807,7920,4464,8139,8782,8911,5021,9162,9760,9917,5581,10185,976,991,558,1018,907,949,525,933,0.5442,0.7592,0.5250,0.5598,0,0,0,0,-1.06,-0.84,-1.08,-1.04
16.29,976,946,558,992,1954,1888,1119,2015,2934,2834,1678,3038,3909,3774,2234,4061,4887,4769,2795,5084,5863,5736,3351,6107,6843,6737,3912,7130,7821,7743,4472,8153,8799,8761,5028,9176,9778,9784,5589,10199,977,978,558,1019,908,936,525,934,0.5448,0.7488,0.5250,0.5604,0,0,0,0,-1.06,-0.85,-1.08,-1.04
16.37,976,949,556,1002,1956,1972,1118,2025,2936,2955,1677,2985,3914,3978,2235,3962,4894,5001,2797,4982,5872,5999,3357,6005,6849,7004,3914,7028,7828,8027,4474,8051,8808,9050,5034,9074,9785,10073,5592,10097,978,1007,559,1009,909,965,526,924,0.5454,0.7720,0.5260,0.5544,0,0,0,0,-1.05,-0.83,-1.07,-1.05
16.46,978,1023,557,988,1959,2046,1118,2011,2936,2935,1675,3001,3915,3912,2233,4024,4897,4919,2794,5047,5878,5942,3352,6070,6856,6965,3910,7093,7838,7988,4472,8116,8819,9011,5031,9139,9798,10034,5589,10162,979,1003,558,1016,910,961,525,931,0.5460,0.7688,0.5250,0.5586,0,0,0,0,-1.05,-0.83,-1.08,-1.04
16.54,980,933,559,1023,1964,1956,1126,2046,2946,2951,1686,3069,3926,3974,2245,4092,4907,4945,2805,5115,5890,5968,3368,6138,6872,6986,3925,7161,7853,8009,4484,8184,8833,9032,5046,9207,9817,10055,5608,10230,981,1005,560,1023,912,963,527,938,0.5472,0.7704,0.5270,0.5628,0,0,0,0,-1.05,-0.83,-1.07,-1.04
16.62,979,988,560,1023,1959,2011,1123,2036,2937,3016,1683,3059,3919,4039,2247,4082,4893,5010,2806,5105,5875,6033,3369,6128,6854,7056,3928,7151,7834,8079,4490,8174,8814,9102,5053,9197,9793,10125,5613,10220,979,1012,561,1022,910,970,528,937,0.5460,0.7760,0.5280,0.5622,0,0,0,0,-1.05,-0.82,-1.07,-1.04
16.71,974,1023,556,984,1950,1986,1114,2007,2930,2952,1673,2998,3908,3961,2231,4021,4887,4903,2792,5044,5866,5830,3350,6067,6842,6853,3908,7090,7820,7876,4466,8113,8797,8885,5024,9136,9775,9908,5584,10159,977,990,558,1015,908,948,525,930,0.5448,0.7584,0.5250,0.5580,0,0,0,0,-1.06,-0.84,-1.08,-1.04
16.79,987,947,567,1023,1975,1902,1129,2046,2962,2876,1693,3069,3949,3872,2258,4092,4935,4895,2823,5115,5921,5918,3389,6138,6907,6941,3953,7161,7894,7964,4520,8184,8882,8987,5084,9207,9868,10010,5647,10230,986,1001,564,1023,917,959,531,938,0.5502,0.7672,0.5310,0.5628,0,0,0,0,-1.05,-0.83,-1.07,-1.04
16.87,993,897,565,1023,1985,1920,1128,2046,2977,2943,1694,3069,3970,3876,2259,4092,4958,4891,2820,5115,5948,5911,3382,6138,6941,6917,3947,7161,7931,7940,4510,8184,8919,8963,5072,9207,9910,9986,5636,10230,991,998,563,1023,922,956,530,938,0.5532,0.7648,0.5300,0.5628,0,0,0,0,-1.05,-0.84,-1.07,-1.04
16.96,985,998,568,1023,1967,2021,1131,2046,2952,3044,1696,2994,3938,4067,2261,4017,4921,5049,2824,5040,5908,6027,3390,6063,6894,7050,3956,7086,7878,8058,4518,8109,8863,9081,5082,9132,9851,10104,5648,10155,985,1010,564,1015,916,968,531,930,0.5496,0.7744,0.5310,0.5580,0,0,0,0,-1.05,-0.83,-1.07,-1.04
17.04,987,1023,566,1023,1977,2046,1133,2046,2962,2954,1696,3069,3951,3966,2260,4092,4941,4954,2825,5115,5928,5913,3387,6138,6918,6936,3954,7161,7908,7946,4518,8184,8896,8969,5081,9207,9889,9992,5649,10230,988,999,564,1023,919,957,531,938,0.5514,0.7656,0.5310,0.5628,0,0,0,0,-1.05,-0.83,-1.07,-1.04
17.12,990,995,562,1023,1979,2018,1126,2046,2972,2931,1692,3069,3961,3848,2256,4092,4949,4871,2819,5115,5939,5894,3384,6138,6931,6917,3951,7161,7921,7940,4517,8184,8909,8963,5080,9207,9897,9986,5646,10230,989,998,564,1023,920,956,531,938,0.5520,0.7648,0.5310,0.5628,0,0,0,0,-1.05,-0.84,-1.07,-1.04
17.21,989,1023,564,1023,1979,2046,1129,1991,2969,3069,1699,2982,3958,4092,2266,4005,4946,5107,2831,5017,5934,6121,3395,6040,6924,7144,3963,7063,7914,8167,4530,8086,8901,9190,5094,9109,9889,10213,5657,10132,988,1021,565,1013,919,979,532,928,0.5514,0.7832,0.5320,0.5568,0,0,0,0,-1.05,-0.82,-1.07,-1.04
17.29,989,1023,563,1023,1981,2030,1130,2046,2971,3053,1694,2995,3964,4032,2261,4018,4954,5055,2826,5041,5946,6078,3394,6064,6936,7101,3957,7087,7926,8124,4523,8110,8918,9147,5089,9133,9904,10170,5651,10156,990,1017,565,1015,921,975,532,930,0.5526,0.7800,0.5320,0.5580,0,0,0,0,-1.05,-0.82,-1.07,-1.04
17.37,989,1023,566,1023,1980,2014,1135,2046,2971,2999,1702,3069,3959,4022,2266,4092,4951,4993,2834,5115,5943,6016,3401,6138,6932,7039,3965,7161,7922,8062,4533,8184,8914,9085,5100,9207,9902,10108,5664,10230,990,1010,566,1023,921,968,533,938,0.5526,0.7744,0.5330,0.5628,0,0,0,0,-1.05,-0.83,-1.07,-1.04
17.46,992,924,569,1023,1986,1947,1138,1974,2976,2970,1703,2997,3970,3922,2273,4020,4962,4908,2841,5043,5953,5921,3407,6066,6946,6917,3977,7089,7938,7940,4544,8112,8929,8963,5110,9135,9918,9986,5679,10158,991,998,567,1015,922,956,534,930,0.5532,0.7648,0.5340,0.5580,0,0,0,0,-1.05,-0.84,-1.07,-1.04
17.54,988,1023,566,1023,1977,2046,1137,2046,2968,3065,1705,3069,3955,3964,2271,4092,4947,4981,2842,5115,5938,6004,3412,6138,6926,7027,3979,7161,7917,8050,4550,8184,8908,9073,5119,9207,9896,10096,5686,10230,989,1009,568,1023,920,967,535,938,0.5520,0.7736,0.5350,0.5628,0,0,0,0,-1.05,-0.83,-1.07,-1.04
17.62,996,1023,569,1023,1990,2019,1136,2046,2987,3000,1707,3069,3983,4023,2277,4092,4975,5046,2843,5115,5971,6069,3414,6138,6968,7092,3984,7161,7961,8115,4550,8184,8956,9138,5121,9207,9952,10161,5691,10230,995,1016,569,1023,926,974,536,938,0.5556,0.7792,0.5360,0.5628,0,0,0,0,-1.04,-0.82,-1.06,-1.04
17.71,995,970,567,1019,1989,1993,1137,2042,2981,2923,1703,3065,3976,3932,2273,4088,4971,4955,2841,5111,5962,5978,3408,6134,6957,7001,3976,7157,7949,8024,4542,8180,8943,9047,5113,9203,9938,10070,5682,10226,993,1007,568,1022,924,965,535,937,0.5544,0.7720,0.5350,0.5622,0,0,0,0,-1.05,-0.83,-1.07,-1.04
17.79,994,923,569,1023,1988,1946,1140,2046,2981,2813,1707,3069,3974,3836,2276,4092,4968,4813,2848,5115,5962,5836,3419,6138,6953,6839,3987,7161,7946,7862,4556,8184,8941,8885,5127,9207,9934,9908,5695,10230,993,990,569,1023,924,948,536,938,0.5544,0.7584,0.5360,0.5628,0,0,0,0,-1.05,-0.84,-1.06,-1.04
17.87,996,1023,568,1023,1994,1982,1138,2046,2990,3005,1706,3069,3988,4028,2276,4092,4985,5012,2844,5115,5980,6029,3411,6138,6977,7052,3982,7161,7976,8075,4553,8184,8972,9098,5119,9207,9967,10121,5686,10230,996,1012,568,1023,927,970,535,938,0.5562,0.7760,0.5350,0.5628,0,0,0,0,-1.04,-0.82,-1.07,-1.04
17.96,997,1023,572,1023,1991,2004,1137,2046,2986,3027,1708,3063,3982,3973,2279,4063,4977,4917,2844,5086,5973,5940,3415,6109,6970,6963,3985,7132,7964,7986,4550,8155,8960,9009,5121,9178,9956,10032,5690,10201,995,1003,569,1020,926,961,536,935,0.5556,0.7688,0.5360,0.5610,0,0,0,0,-1.04,-0.83,-1.06,-1.04
18.04,993,1023,568,1023,1990,2026,1142,2046,2985,3029,1709,3069,3982,4052,2279,4092,4978,5075,2848,5115,5973,6086,3417,6138,6969,7109,3987,7161,7963,8132,4555,8184,8961,9155,5126,9207,9956,10178,5694,10230,995,1017,569,1023,926,975,536,938,0.5556,0.7800,0.5360,0.5628,0,0,0,0,-1.04,-0.82,-1.06,-1.04
18.12,995,1010,568,1023,1994,2033,1139,2046,2989,3056,1704,3069,3985,4079,2276,4092,4982,5102,2845,5115,5976,6067,3412,6138,6976,7090,3986,7161,7972,8113,4556,8184,8972,9136,5128,9207,9969,10159,5698,10230,996,1015,569,1023,927,973,536,938,0.5562,0.7784,0.5360,0.5628,0,0,0,0,-1.04,-0.82,-1.06,-1.04
18.21,997,1023,570,1023,1992,2030,1139,2046,2989,3053,1711,3069,3983,4076,2280,4092,4979,5099,2851,5115,5975,6122,3422,6138,6969,7126,3990,7161,7966,8149,4562,8184,8962,9172,5131,9207,9957,10195,5699,10230,995,1019,569,1023,926,977,536,938,0.5556,0.7816,0.5360,0.5628,0,0,0,0,-1.04,-0.82,-1.06,-1.04
18.29,999,1023,570,1023,1996,2046,1139,2046,2994,3069,1709,3069,3994,4092,2279,4092,4992,5060,2847,5115,5990,6083,3417,6138,6987,7106,3986,7161,7987,8129,4554,8184,8986,9152,5124,9207,9982,10175,5691,10230,998,1017,569,1023,929,975,536,938,0.5574,0.7800,0.5360,0.5628,0,0,0,0,-1.04,-0.82,-1.06,-1.04
18.37,994,1013,567,1013,1990,2036,1140,2036,2984,3059,1708,3059,3980,4082,2279,4082,4976,5105,2849,5105,5970,6128,3418,6128,6968,7151,3990,7151,7963,8174,4558,8174,8958,9197,5127,9197,9955,10220,5698,10220,995,1022,569,1022,926,980,536,937,0.5556,0.7840,0.5360,0.5622,0,0,0,0,-1.04,-0.82,-1.06,-1.04
18.46,996,898,571,1023,1992,1921,1142,2046,2987,2944,1712,3069,3983,3935,2284,4092,4979,4958,2854,5115,5972,5981,3423,6138,6969,6985,3994,7161,7961,8008,4561,8184,8957,9031,5133,9207,9952,10054,5703,10230,995,1005,570,1023,926,963,537,938,0.5556,0.7704,0.5370,0.5628,0,0,0,0,-1.04,-0.83,-1.06,-1.04
18.54,1000,1023,570,1023,1998,2046,1140,2046,2996,3069,1712,3069,3996,4092,2282,4092,4993,5115,2847,5115,5990,6138,3415,6138,6990,7161,3986,7161,7989,8184,4556,8184,8988,9207,5126,9207,9986,10230,5695,10230,998,1023,569,1023,929,981,536,938,0.5574,0.7848,0.5360,0.5628,0,0,0,0,-1.04,-0.82,-1.06,-1.04
18.62,999,962,568,1023,1997,1985,1137,2046,2995,3008,1708,3069,3990,4031,2276,4092,4989,5054,2845,5115,5989,6057,3416,6138,6988,7046,3983,7161,7986,8057,4551,8184,8986,9080,5123,9207,9986,10103,5692,10230,998,1010,569,1023,929,968,536,938,0.5574,0.7744,0.5360,0.5628,0,0,0,0,-1.04,-0.83,-1.06,-1.04
18.71,994,1023,569,1023,1989,2046,1140,2046,2982,3069,1709,3069,3978,4092,2280,4092,4971,5115,2848,5115,5968,6138,3420,6138,6961,7161,3989,7161,7954,8184,4560,8184,8945,9207,5130,9207,9938,10230,5699,10230,993,1023,569,1023,924,981,536,938,0.5544,0.7848,0.5360,0.5628,0,0,0,0,-1.05,-0.82,-1.06,-1.04
18.79,991,1023,567,1023,1985,2046,1138,2046,2976,3069,1705,3069,3970,4092,2276,4092,4962,5109,2845,5115,5957,6132,3415,6138,6950,7155,3983,7161,7945,8178,4554,8184,8938,9201,5123,9207,9930,10224,5691,10230,993,1022,569,1023,924,980,536,938,0.5544,0.7840,0.5360,0.5628,0,0,0,0,-1.05,-0.82,-1.06,-1.04
18.87,994,1023,568,1023,1991,2016,1140,2046,2987,2981,1708,3069,3980,3998,2276,4092,4976,5021,2847,5115,5974,6013,3418,6138,6971,7036,3986,7161,7965,8059,4554,8184,8964,9082,5126,9207,9961,10105,5696,10230,996,1010,569,1023,927,968,536,938,0.5562,0.7744,0.5360,0.5628,0,0,0,0,-1.04,-0.83,-1.06,-1.04
18.96,992,1022,569,1023,1984,2045,1137,2046,2974,3068,1706,3069,3967,4091,2276,4083,4958,5114,2843,5106,5952,6137,3415,6129,6943,7142,3984,7152,7934,8165,4552,8175,8928,9188,5121,9198,9917,10211,5688,10221,991,1021,568,1022,922,979,535,937,0.5532,0.7832,0.5350,0.5622,0,0,0,0,-1.05,-0.82,-1.07,-1.04
19.04,995,1023,572,1023,1987,2046,1139,2046,2979,3035,1707,3069,3972,4058,2278,4092,4968,5081,2850,5115,5960,6085,3418,6138,6954,7108,3986,7161,7949,8131,4553,8184,8942,9154,5122,9207,9933,10177,5689,10230,993,1017,568,1023,924,975,535,938,0.5544,0.7800,0.5350,0.5628,0,0,0,0,-1.05,-0.82,-1.07,-1.04
19.12,995,1023,568,1023,1993,2046,1138,2046,2987,3069,1705,3048,3981,4092,2272,4058,4979,5115,2842,5081,5977,6138,3412,6104,6972,7160,3980,7127,7969,8183,4551,8150,8967,9206,5121,9173,9961,10229,5688,10196,996,1022,568,1019,927,980,535,934,0.5562,0.7840,0.5350,0.5604,0,0,0,0,-1.04,-0.82,-1.07,-1.04
19.21,990,1023,566,960,1984,2046,1138,1983,2974,3069,1708,3006,3964,4092,2275,4029,4956,5115,2845,5052,5948,6125,3415,6075,6937,7137,3981,7098,7926,8160,4549,8121,8917,9183,5120,9144,9907,10206,5686,10167,990,1020,568,1016,921,978,535,931,0.5526,0.7824,0.5350,0.5586,0,0,0,0,-1.05,-0.82,-1.07,-1.04
19.29,988,1023,567,1023,1979,2046,1138,2046,2968,3023,1707,3069,3959,4046,2277,4092,4947,5069,2845,5115,5939,6092,3416,6138,6927,7115,3983,7161,7918,8138,4555,8184,8908,9161,5124,9207,9896,10184,5692,10230,989,1018,569,1023,920,976,536,938,0.5520,0.7808,0.5360,0.5628,0,0,0,0,-1.05,-0.82,-1.06,-1.04
19.37,988,1023,567,1023,1979,2046,1139,2046,2966,3053,1707,3069,3954,4076,2277,4092,4943,5099,2847,5115,5930,6122,3415,6138,6921,7145,3987,7161,7907,8168,4556,8184,8898,9191,5127,9207,9884,10214,5695,10230,988,1021,569,1023,919,979,536,938,0.5514,0.7832,0.5360,0.5628,0,0,0,0,-1.05,-0.82,-1.06,-1.04
19.46,991,1023,568,1023,1984,2046,1139,2046,2976,3069,1709,3069,3965,4092,2276,4092,4955,5115,2843,5115,5946,6138,3413,6138,6936,7161,3987,7161,7928,8184,4557,8184,8917,9207,5124,9207,9905,10230,5692,10230,990,1023,569,1023,921,981,536,938,0.5526,0.7848,0.5360,0.5628,0,0,0,0,-1.05,-0.82,-1.06,-1.04
19.54,992,1023,569,1023,1984,2046,1141,2046,2974,3015,1710,3069,3970,4025,2282,4092,4958,5048,2846,5115,5949,6071,3418,6138,6942,7094,3987,7161,7932,8117,4556,8184,8922,9140,5125,9207,9914,10163,5696,10230,991,1016,569,1023,922,974,536,938,0.5532,0.7792,0.5360,0.5628,0,0,0,0,-1.05,-0.82,-1.06,-1.04
19.62,990,1017,568,1023,1981,2018,1138,2001,2971,3041,1708,3024,3964,4064,2279,4047,4954,5087,2848,5070,5946,6110,3419,6093,6936,7133,3987,7116,7928,8156,4558,8139,8918,9179,5125,9162,9910,10202,5696,10185,991,1020,569,1018,922,978,536,933,0.5532,0.7824,0.5360,0.5598,0,0,0,0,-1.05,-0.82,-1.06,-1.04
19.71,994,1023,572,1023,1985,2046,1140,2046,2977,3069,1713,3069,3969,4076,2282,4092,4960,5099,2851,5115,5953,6115,3423,6138,6943,7128,3989,7161,7937,8151,4561,8184,8930,9174,5132,9207,9921,10197,5701,10230,992,1019,570,1023,923,977,537,938,0.5538,0.7816,0.5370,0.5628,0,0,0,0,-1.05,-0.82,-1.06,-1.04
19.79,990,1023,568,1023,1981,2046,1139,2046,2974,3069,1712,3069,3967,4092,2283,4092,4959,5061,2851,5115,5949,6075,3420,6138,6942,7098,3992,7161,7933,8121,4562,8184,8921,9144,5130,9207,9911,10167,5699,10230,991,1016,569,1023,922,974,536,938,0.5532,0.7792,0.5360,0.5628,0,0,0,0,-1.05,-0.82,-1.06,-1.04
19.87,992,1023,571,1023,1985,2018,1143,2046,2976,3041,1712,3069,3970,4064,2285,4092,4963,5087,2854,5115,5954,6110,3423,6138,6948,7133,3994,7161,7938,8156,4563,8184,8929,9179,5132,9207,9922,10202,5702,10230,992,1020,570,1023,923,978,537,938,0.5538,0.7824,0.5370,0.5628,0,0,0,0,-1.05,-0.82,-1.06,-1.04
19.96,990,971,571,1023,1984,1961,1144,2046,2977,2984,1713,3069,3971,4007,2286,4092,4959,5030,2857,5115,5950,6053,3427,6138,6943,7076,3999,7161,7934,8099,4568,8184,8928,9122,5139,9207,9921,10145,5712,10230,992,1014,571,1023,923,972,538,938,0.5538,0.7776,0.5380,0.5628,0,0,0,0,-1.05,-0.82,-1.06,-1.04
20.04,993,1023,572,1023,1981,2028,1140,2046,2971,3051,1709,3069,3965,4074,2282,4092,4957,5045,2853,5115,5946,6051,3421,6138,6936,7074,3990,7161,7929,8097,4562,8184,8921,9120,5133,9207,9911,10143,5702,10230,991,1014,570,1023,922,972,537,938,0.5532,0.7776,0.5370,0.5628,0,0,0,0,-1.05,-0.82,-1.06,-1.04
20.12,990,1023,569,1023,1983,2046,1142,2046,2970,3069,1711,3069,3963,4092,2284,4092,4955,5115,2855,5115,5948,6138,3430,6138,6938,7161,3999,7161,7930,8184,4572,8184,8920,9207,5143,9207,9910,10230,5715,10230,991,1023,571,1023,922,981,538,938,0.5532,0.7848,0.5380,0.5628,0,0,0,0,-1.05,-0.82,-1.06,-1.04
20.21,990,984,570,1023,1980,1999,1142,2046,2972,3022,1715,3069,3961,3990,2285,4092,4949,4959,2855,5115,5940,5941,3428,6138,6929,6963,3996,7161,7920,7986,4569,8184,8909,9009,5139,9207,9897,10032,5709,10230,989,1003,570,1023,920,961,537,938,0.5520,0.7688,0.5370,0.5628,0,0,0,0,-1.05,-0.83,-1.06,-1.04
20.29,993,1023,574,1023,1984,2039,1144,2046,2973,3062,1713,3069,3965,4085,2287,4092,4955,5108,2858,5115,5941,6100,3425,6138,6934,7123,3997,7161,7927,8146,4570,8184,8916,9169,5139,9207,9906,10192,5708,10230,990,1019,570,1023,921,977,537,938,0.5526,0.7816,0.5370,0.5628,0,0,0,0,-1.05,-0.82,-1.06,-1.04
20.37,992,982,569,1023,1984,2005,1142,2046,2977,3028,1714,3069,3968,4051,2281,4092,4960,5074,2851,5115,5954,6097,3423,6138,6944,7120,3992,7161,7936,8143,4560,8184,8929,9166,5131,9207,9923,10189,5702,10230,992,1018,570,1023,923,976,537,938,0.5538,0.7808,0.5370,0.5628,0,0,0,0,-1.05,-0.82,-1.06,-1.04
20.46,991,1006,570,995,1985,2029,1142,2018,2976,2991,1712,3041,3970,4014,2284,4064,4963,5034,2856,5087,5954,6057,3424,6110,6950,7080,3998,7133,7943,8103,4567,8156,8934,9126,5135,9179,9928,10149,5707,10202,992,1014,570,1020,923,972,537,935,0.5538,0.7776,0.5370,0.5610,0,0,0,0,-1.05,-0.82,-1.06,-1.04
20.54,988,1011,568,1023,1981,2034,1142,2046,2972,3057,1710,3069,3963,4080,2281,4092,4955,5103,2855,5115,5943,6126,3424,6138,6934,7149,3995,7161,7925,8172,4566,8184,8915,9195,5136,9207,9907,10218,5711,10230,990,1021,571,1023,921,979,538,938,0.5526,0.7832,0.5380,0.5628,0,0,0,0,-1.05,-0.82,-1.06,-1.04
20.62,993,1023,572,1023,1983,2046,1142,2046,2973,3069,1714,3069,3966,4092,2286,4092,4956,5115,2855,5115,5948,6138,3425,6138,6940,7161,3995,7161,7931,8184,4567,8184,8925,9207,5140,9207,9914,10230,5709,10230,991,1023,570,1023,922,981,537,938,0.5532,0.7848,0.5370,0.5628,0,0,0,0,-1.05,-0.82,-1.06,-1.04
20.71,992,1023,572,1023,1986,2046,1147,2046,2976,3069,1718,3069,3969,4092,2291,4092,4958,5115,2861,5115,5951,6138,3437,6138,6941,7161,4006,7161,7932,8184,4578,8184,8924,9207,5148,9207,9914,10230,5719,10230,991,1023,571,1023,922,981,538,938,0.5532,0.7848,0.5380,0.5628,0,0,0,0,-1.05,-0.82,-1.06,-1.04
20.79,992,1023,573,1023,1983,2046,1143,2046,2972,3069,1711,3069,3964,4092,2287,4092,4955,5074,2857,5115,5943,6094,3426,6138,6938,7117,3997,7161,7929,8140,4566,8184,8917,9163,5134,9207,9907,10186,5705,10230,990,1018,570,1023,921,976,537,938,0.5526,0.7808,0.5370,0.5628,0,0,0,0,-1.05,-0.82,-1.06,-1.04
20.87,991,1023,571,1023,1985,2046,1146,2038,2979,3045,1718,3061,3971,4068,2287,4084,4969,5091,2862,5107,5965,6114,3437,6130,6957,7137,4012,7153,7951,8160,4586,8176,8943,9183,5156,9199,9936,10206,5730,10222,993,1020,573,1022,924,978,540,937,0.5544,0.7824,0.5400,0.5622,0,0,0,0,-1.05,-0.82,-1.06,-1.04
20.96,997,1023,580,1023,1990,2021,1150,2046,2985,3044,1725,3069,3981,4067,2300,4092,4973,5090,2872,5115,5968,6107,3447,6138,6963,7107,4022,7161,7953,8130,4595,8184,8949,9153,5170,9207,9943,10176,5743,10230,994,1017,574,1023,925,975,541,938,0.5550,0.7800,0.5410,0.5628,0,0,0,0,-1.05,-0.82,-1.06,-1.04
21.04,993,1023,570,1023,1987,2046,1142,2046,2980,3069,1711,3069,3976,4092,2285,4092,4970,5115,2855,5115,5963,6138,3424,6138,6957,7161,3996,7161,7947,8184,4565,8184,8941,9207,5138,9207,9934,10230,5708,10230,993,1023,570,1023,924,981,537,938,0.5544,0.7848,0.5370,0.5628,0,0,0,0,-1.05,-0.82,-1.06,-1.04
21.12,991,1023,570,1023,1986,2046,1145,2046,2978,3069,1716,3069,3969,4092,2288,4092,4963,5115,2862,5115,5954,6138,3433,6138,6945,7161,4005,7161,7940,8184,4580,8184,8934,9207,5154,9207,9924,10230,5724,10230,992,1023,572,1023,923,981,539,938,0.5538,0.7848,0.5390,0.5628,0,0,0,0,-1.05,-0.82,-1.06,-1.04
21.21,991,1023,568,1023,1983,2046,1142,2046,2976,3069,1715,3069,3967,4092,2285,4092,4960,5042,2859,5115,5953,6065,3430,6138,6944,7088,4000,7161,7939,8111,4574,8184,8931,9134,5145,9207,9921,10157,5716,10230,992,1015,571,1023,923,973,538,938,0.5538,0.7784,0.5380,0.5628,0,0,0,0,-1.05,-0.82,-1.06,-1.04
21.29,990,1023,569,1023,1983,2046,1145,2046,2975,3069,1718,3069,3965,4092,2287,4092,4957,5115,2858,5115,5951,6138,3432,6138,6944,7161,4005,7161,7934,8184,4574,8184,8926,9207,5147,9207,9920,10230,5721,10230,992,1023,572,1023,923,981,539,938,0.5538,0.7848,0.5390,0.5628,0,0,0,0,-1.05,-0.82,-1.06,-1.04
21.37,992,1023,570,1023,1986,2046,1143,2046,2978,3069,1714,3069,3969,4092,2284,4092,4962,5115,2856,5115,5956,6138,3431,6138,6948,7161,4002,7161,7938,8184,4573,8184,8929,9207,5146,9207,9922,10230,5718,10230,992,1023,571,1023,923,981,538,938,0.5538,0.7848,0.5380,0.5628,0,0,0,0,-1.05,-0.82,-1.06,-1.04
21.46,989,1021,569,1023,1982,2044,1143,2046,2974,3067,1715,3069,3963,4090,2283,4092,4952,5113,2854,5115,5943,6136,3428,6138,6935,7159,4001,7161,7925,8182,4569,8184,8913,9205,5140,9207,9903,10228,5714,10230,990,1022,571,1023,921,980,538,938,0.5526,0.7840,0.5380,0.5628,0,0,0,0,-1.05,-0.82,-1.06,-1.04
21.54,993,1023,572,1023,1982,2046,1143,2046,2974,3069,1715,3069,3964,4092,2285,4092,4957,5115,2860,5115,5946,6138,3430,6138,6937,7161,4002,7161,7927,8184,4571,8184,8919,9207,5143,9207,9905,10230,5713,10230,990,1023,571,1023,921,981,538,938,0.5526,0.7848,0.5380,0.5628,0,0,0,0,-1.05,-0.82,-1.06,-1.04
21.62,993,1023,573,1023,1984,2046,1143,2046,2974,3069,1714,3069,3967,4092,2288,4092,4960,5115,2860,5115,5950,6120,3429,6138,6940,7143,3999,7161,7933,8166,4572,8184,8925,9189,5144,9207,9916,10212,5714,10230,991,1021,571,1023,922,979,538,938,0.5532,0.7832,0.5380,0.5628,0,0,0,0,-1.05,-0.82,-1.06,-1.04
21.71,989,1023,573,1023,1976,2046,1143,2046,2967,3009,1716,3069,3956,4030,2289,4092,4942,5053,2858,5115,5930,6076,3431,6138,6920,7099,4005,7161,7906,8122,4576,8184,8894,9145,5147,9207,9886,10168,5720,10230,988,1016,572,1023,919,974,539,938,0.5514,0.7792,0.5390,0.5628,0,0,0,0,-1.05,-0.82,-1.06,-1.04
21.79,995,1023,578,1023,1986,2046,1153,2046,2982,3053,1734,3069,3976,4076,2311,4092,4968,5099,2886,5115,5962,6122,3462,6138,6954,7145,4038,7161,7946,8168,4613,8184,8942,9191,5192,9207,9934,10214,5767,10230,993,1021,576,1023,924,979,543,938,0.5544,0.7832,0.5430,0.5628,0,0,0,0,-1.05,-0.82,-1.06,-1.04
21.87,989,1023,571,1023,1981,2046,1145,2046,2970,3069,1716,3069,3963,4092,2293,4092,4955,5115,2865,5115,5944,6138,3436,6138,6936,7161,4010,7161,7928,8184,4582,8184,8918,9207,5153,9207,9911,10230,5725,10230,991,1023,572,1023,922,981,539,938,0.5532,0.7848,0.5390,0.5628,0,0,0,0,-1.05,-0.82,-1.06,-1.04
21.96,989,1023,574,1023,1982,1960,1149,2046,2968,2983,1723,3069,3961,4006,2301,4092,4954,5029,2879,5115,5945,6052,3453,6138,6940,7075,4031,7161,7931,8098,4604,8184,8927,9121,5182,9207,9920,10144,5758,10230,992,1014,575,1023,923,972,542,938,0.5538,0.7776,0.5420,0.5628,0,0,0,0,-1.05,-0.82,-1.06,-1.04
22.04,996,1023,574,1023,1992,2046,1147,2046,2986,3069,1717,3069,3983,4092,2293,4092,4979,5053,2866,5115,5971,6076,3438,6138,6969,7099,4013,7161,7963,8122,4585,8184,8958,9145,5157,9207,9954,10168,5732,10230,995,1016,573,1023,926,974,540,938,0.5556,0.7792,0.5400,0.5628,0,0,0,0,-1.04,-0.82,-1.06,-1.04
22.12,994,985,573,1023,1987,2008,1144,2046,2982,3031,1717,3069,3976,4054,2289,4092,4967,5052,2857,5115,5959,6075,3428,6138,6954,7098,4000,7161,7945,8121,4568,8184,8937,9144,5140,9207,9930,10167,5712,10230,993,1016,571,1023,924,974,538,938,0.5544,0.7792,0.5380,0.5628,0,0,0,0,-1.05,-0.82,-1.06,-1.04
22.21,987,1023,568,1023,1976,2046,1140,2046,2967,3069,1711,3069,3957,4092,2279,4092,4948,5115,2849,5115,5939,6138,3421,6138,6928,7161,3988,7161,7917,8184,4557,8184,8910,9207,5129,9207,9901,10230,5699,10230,990,1023,569,1023,921,981,536,938,0.5526,0.7848,0.5360,0.5628,0,0,0,0,-1.05,-0.82,-1.06,-1.04
22.29,989,1023,569,1023,1980,2046,1139,2046,2973,3069,1711,3069,3962,4092,2280,4092,4953,5115,2853,5115,5945,6138,3425,6138,6935,7161,3994,7161,7929,8184,4566,8184,8917,9207,5136,9207,9909,10230,5708,10230,990,1023,570,1023,921,981,537,938,0.5526,0.7848,0.5370,0.5628,0,0,0,0,-1.05,-0.82,-1.06,-1.04
22.37,991,1023,568,1023,1981,2046,1137,2046,2974,3017,1708,3069,3966,4040,2279,4092,4956,5063,2848,5115,5949,6086,3419,6138,6939,7109,3986,7161,7933,8132,4558,8184,8922,9155,5127,9207,9915,10178,5699,10230,991,1017,569,1023,922,975,536,938,0.5532,0.7800,0.5360,0.5628,0,0,0,0,-1.05,-0.82,-1.06,-1.04
22.46,992,1023,574,1023,1980,2046,1143,2046,2969,3069,1712,3069,3963,4092,2284,4092,4954,5115,2855,5115,5943,6138,3425,6138,6931,7161,3994,7161,7925,8184,4566,8184,8917,9207,5136,9207,9906,10230,5705,10230,990,1023,570,1023,921,981,537,938,0.5526,0.7848,0.5370,0.5628,0,0,0,0,-1.05,-0.82,-1.06,-1.04
22.54,990,1023,570,1023,1981,2009,1139,2046,2972,3032,1707,3069,3968,4055,2280,4092,4958,5078,2849,5115,5952,6101,3424,6138,6943,7124,3993,7161,7934,8147,4562,8184,8927,9170,5133,9207,9916,10193,5702,10230,991,1019,570,1023,922,977,537,938,0.5532,0.7816,0.5370,0.5628,0,0,0,0,-1.05,-0.82,-1.06,-1.04
22.62,994,1023,568,1023,1988,2046,1139,2046,2982,3069,1709,3069,3973,4092,2277,4092,4968,5115,2848,5115,5960,6138,3414,6138,6955,7161,3986,7161,7947,8184,4553,8184,8940,9207,5123,9207,9934,10230,5693,10230,993,1023,569,1023,924,981,536,938,0.5544,0.7848,0.5360,0.5628,0,0,0,0,-1.05,-0.82,-1.06,-1.04
22.71,994,1023,572,1023,1985,2046,1143,2046,2979,3069,1715,3069,3971,4092,2283,4092,4962,5115,2852,5115,5958,6099,3423,6138,6951,7122,3993,7161,7942,8145,4562,8184,8937,9168,5135,9207,9930,10191,5705,10230,993,1019,570,1023,924,977,537,938,0.5544,0.7816,0.5370,0.5628,0,0,0,0,-1.05,-0.82,-1.06,-1.04
22.79,993,1023,569,1023,1987,2046,1141,2046,2979,3069,1710,3069,3971,4092,2284,4092,4963,5115,2855,5115,5954,6138,3425,6138,6947,7161,3998,7161,7938,8184,4565,8184,8930,9207,5137,9207,9924,10230,5708,10230,992,1023,570,1023,923,981,537,938,0.5538,0.7848,0.5370,0.5628,0,0,0,0,-1.05,-0.82,-1.06,-1.04
22.87,993,1023,571,1023,1984,2046,1139,2046,2977,3069,1708,3069,3974,4092,2280,4092,4966,5115,2850,5115,5962,6138,3423,6138,6957,7161,3995,7161,7949,8184,4564,8184,8945,9207,5137,9207,9940,10230,5707,10230,994,1023,570,1023,925,981,537,938,0.5550,0.7848,0.5370,0.5628,0,0,0,0,-1.05,-0.82,-1.06,-1.04
22.96,993,986,569,1023,1989,2005,1142,2046,2982,3028,1711,3069,3976,4021,2281,4092,4972,5010,2852,5115,5964,6033,3418,6138,6960,7056,3989,7161,7952,8079,4558,8184,8951,9102,5131,9207,9945,10125,5703,10230,994,1012,570,1023,925,970,537,938,0.5550,0.7760,0.5370,0.5628,0,0,0,0,-1.05,-0.82,-1.06,-1.04
23.04,993,1020,573,1023,1985,1933,1142,2046,2978,2956,1713,3069,3973,3979,2285,4092,4964,5002,2853,5115,5956,6025,3426,6138,6950,7048,3998,7161,7943,8071,4568,8184,8936,9094,5141,9207,9931,10117,5715,10230,993,1011,571,1023,924,969,538,938,0.5544,0.7752,0.5380,0.5628,0,0,0,0,-1.05,-0.82,-1.06,-1.04
23.12,995,937,574,1023,1987,1960,1144,2046,2982,2983,1718,3069,3973,4006,2286,4092,4967,5029,2858,5115,5961,6022,3429,6138,6951,7045,3998,7161,7946,8068,4571,8184,8937,9091,5139,9207,9931,10114,5712,10230,993,1011,571,1023,924,969,538,938,0.5544,0.7752,0.5380,0.5628,0,0,0,0,-1.05,-0.82,-1.06,-1.04
23.21,994,1023,568,1023,1991,1986,1141,2046,2985,3009,1710,3069,3982,4032,2282,4092,4976,5005,2852,5115,5972,6028,3424,6138,6964,7051,3993,7161,7961,8074,4565,8184,8954,9097,5135,9207,9950,10120,5707,10230,995,1012,570,1023,926,970,537,938,0.5556,0.7760,0.5370,0.5628,0,0,0,0,-1.04,-0.82,-1.06,-1.04
23.29,995,1001,572,1023,1987,1957,1142,2046,2982,2980,1714,3069,3977,4003,2287,4092,4971,5026,2857,5115,5963,6049,3426,6138,6954,7072,3997,7161,7949,8095,4571,8184,8943,9118,5143,9207,9935,10141,5714,10230,993,1014,571,1023,924,972,538,938,0.5544,0.7776,0.5380,0.5628,0,0,0,0,-1.05,-0.82,-1.06,-1.04
23.37,993,1023,571,1023,1983,2046,1142,2046,2976,3006,1716,3069,3969,4029,2288,4092,4959,5052,2857,5115,5952,6075,3429,6138,6945,7098,4001,7161,7934,8121,4573,8184,8927,9144,5146,9207,9916,10167,5715,10230,991,1016,571,1023,922,974,538,938,0.5532,0.7792,0.5380,0.5628,0,0,0,0,-1.05,-0.82,-1.06,-1.04
23.46,995,1023,569,1023,1991,2046,1142,2046,2983,3069,1711,3069,3976,4092,2282,4092,4972,5115,2854,5115,5964,6138,3424,6138,6959,7161,3995,7161,7947,8184,4563,8184,8942,9207,5136,9207,9937,10230,5706,10230,993,1023,570,1023,924,981,537,938,0.5544,0.7848,0.5370,0.5628,0,0,0,0,-1.05,-0.82,-1.06,-1.04
23.54,992,982,569,1023,1987,1913,1142,2046,2980,2889,1714,3069,3972,3912,2286,4092,4967,4935,2858,5115,5956,5958,3428,6138,6947,6981,3997,7161,7941,8004,4571,8184,8935,9027,5143,9207,9924,10050,5712,10230,992,1005,571,1023,923,963,538,938,0.5538,0.7704,0.5380,0.5628,0,0,0,0,-1.05,-0.83,-1.06,-1.04
23.62,997,1023,572,1023,1990,2046,1142,2046,2986,3069,1717,3069,3981,4092,2289,4092,4973,5115,2857,5115,5967,6138,3428,6138,6961,7161,4001,7161,7952,8184,4569,8184,8944,9207,5142,9207,9939,10230,5713,10230,993,1023,571,1023,924,981,538,938,0.5544,0.7848,0.5380,0.5628,0,0,0,0,-1.05,-0.82,-1.06,-1.04
23.71,991,1023,569,1023,1986,2046,1141,2046,2982,3069,1713,3069,3976,4092,2284,4092,4970,5115,2850,5115,5964,6138,3420,6138,6960,7161,3993,7161,7956,8184,4565,8184,8948,9207,5134,9207,9942,10230,5703,10230,994,1023,570,1023,925,981,537,938,0.5550,0.7848,0.5370,0.5628,0,0,0,0,-1.05,-0.82,-1.06,-1.04
23.79,995,1023,570,1023,1993,1952,1142,2046,2987,2940,1710,3069,3982,3963,2278,4092,4980,4958,2852,5115,5976,5976,3423,6138,6968,6999,3991,7161,7962,8022,4563,8184,8958,9045,5135,9207,9955,10068,5705,10230,995,1006,570,1023,926,964,537,938,0.5556,0.7712,0.5370,0.5628,0,0,0,0,-1.04,-0.83,-1.06,-1.04
23.87,998,1023,573,1023,1997,2029,1147,2046,2994,3052,1719,3069,3989,4020,2291,4092,4986,5043,2865,5115,5980,6066,3437,6138,6977,7089,4012,7161,7972,8112,4581,8184,8972,9135,5156,9207,9967,10158,5727,10230,996,1015,572,1023,927,973,539,938,0.5562,0.7784,0.5390,0.5628,0,0,0,0,-1.04,-0.82,-1.06,-1.04
23.96,992,977,567,1023,1986,2000,1134,2046,2982,3023,1705,3069,3978,4046,2275,4092,4972,5069,2843,5115,5968,6092,3414,6138,6965,7115,3985,7161,7959,8138,4554,8184,8953,9161,5120,9207,9946,10184,5688,10230,994,1018,568,1023,925,976,535,938,0.5550,0.7808,0.5350,0.5628,0,0,0,0,-1.05,-0.82,-1.07,-1.04
24.04,995,1023,572,1023,1994,2046,1146,2046,2990,3069,1718,3069,3986,4092,2289,4092,4984,5115,2864,5115,5979,6138,3434,6138,6973,7161,4005,7161,7971,8184,4580,8184,8966,9207,5153,9207,9960,10230,5723,10230,996,1023,572,1023,927,981,539,938,0.5562,0.7848,0.5390,0.5628,0,0,0,0,-1.04,-0.82,-1.06,-1.04
24.12,997,1023,573,1023,1995,2046,1148,2046,2992,3069,1719,3069,3987,4092,2290,4092,4984,5115,2866,5115,5983,6138,3441,6138,6982,7161,4014,7161,7974,8184,4584,8184,8969,9207,5155,9207,9966,10230,5730,10230,996,1023,573,1023,927,981,540,938,0.5562,0.7848,0.5400,0.5628,0,0,0,0,-1.04,-0.82,-1.06,-1.04