time,A1,B1,C1,D1,A2,B2,C2,D2,A3,B3,C3,D3,A4,B4,C4,D4,A5,B5,C5,D5,A6,B6,C6,D6,A7,B7,C7,D7,A8,B8,C8,D8,A9,B9,C9,D9,A10,B10,C10,D10,Aaverage,Baverage,Caverage,Daverage,Anormalised,Bnormalised,Cnormalised,Dnormalised,OD_A,OD_B,OD_C,OD_D,DilutiontimeforA,DilutiontimeforB,DilutiontimeforC,DilutiontimeforD,ErrorA,ErrorB,ErrorC,ErrorD
0,22,7,17,10,40,15,31,32,60,23,47,41,80,30,63,50,101,37,79,60,114,52,91,81,132,61,105,92,151,67,120,103,174,67,138,105,194,74,155,113,19.00,7.00,15.00,11.00,0,0,0,0,0,0,0,0,0,0,0,0,0,0,0,0
0.12,18,8,15,10,38,15,31,20,57,19,46,29,74,24,64,38,92,29,78,46,112,34,94,55,130,39,110,64,145,51,121,84,165,57,137,93,182,61,151,101,18,6,15,10,0,0,0,0,0.00,0.00,0.00,0.00,0,0,0,0,-1.60,-1.60,-1.60,-1.60
0.20,19,6,16,11,37,12,32,21,59,14,49,26,78,20,65,36,96,32,79,51,116,38,95,60,136,44,111,70,153,50,126,81,173,56,143,91,191,61,157,106,19,6,15,10,0,0,0,0,0.00,0.00,0.00,0.00,0,0,0,0,-1.60,-1.60,-1.60,-1.60
0.29,20,5,16,10,39,11,32,21,57,19,48,30,74,32,60,53,92,37,75,60,110,42,92,70,129,48,106,80,148,53,122,90,167,57,138,93,183,71,150,116,18,7,15,11,0,0,0,0,0.00,0.00,0.00,0.00,0,0,0,0,-1.60,-1.60,-1.60,-1.60
0.37,17,6,15,9,37,12,31,17,52,24,43,32,70,30,58,41,90,35,76,50,106,45,89,64,129,45,108,67,144,54,122,82,167,58,139,84,186,63,154,94,18,6,15,9,0,0,0,0,0.00,0.00,0.00,0.00,0,0,0,0,-1.60,-1.60,-1.60,-1.60
0.45,19,6,15,10,38,13,31,21,56,21,46,32,73,25,65,34,92,30,81,44,108,36,94,53,128,43,112,61,146,49,127,68,166,54,143,77,186,60,158,84,18,6,15,8,0,0,0,0,0.00,0.00,0.00,0.00,0,0,0,0,-1.60,-1.60,-1.60,-1.60
0.54,19,3,15,12,39,13,32,20,55,27,46,40,74,32,61,50,96,35,78,55,111,50,90,75,130,54,107,76,145,68,120,96,169,69,139,98,185,78,152,116,18,7,15,11,0,0,0,0,0.00,0.00,0.00,0.00,0,0,0,0,-1.60,-1.60,-1.60,-1.60
0.62,15,8,14,11,35,12,30,21,50,19,42,32,73,19,64,32,94,26,79,44,114,32,93,53,134,39,109,64,162,40,130,67,179,50,142,81,200,55,159,88,20,5,15,8,1,0,0,0,0.00,0.00,0.00,0.00,0,0,0,0,-1.60,-1.60,-1.60,-1.60
0.70,20,7,15,18,41,14,31,28,59,20,46,37,80,25,62,47,99,30,82,48,113,38,95,62,132,43,110,73,149,46,124,83,167,51,140,92,188,59,156,103,18,5,15,10,0,0,0,0,0.00,0.00,0.00,0.00,0,0,0,0,-1.60,-1.60,-1.60,-1.60
0.79,23,0,19,0,41,7,34,20,56,15,48,34,74,20,63,44,91,24,79,54,107,37,92,75,125,42,108,83,145,50,124,92,163,55,140,101,183,62,155,112,18,6,15,11,0,0,0,0,0.00,0.00,0.00,0.00,0,0,0,0,-1.60,-1.60,-1.60,-1.60
0.87,17,11,14,10,38,14,32,12,58,21,49,21,76,27,65,31,91,37,78,48,108,43,94,59,129,45,115,66,146,57,127,85,167,63,143,93,187,68,159,103,18,6,15,10,0,0,0,0,0.00,0.00,0.00,0.00,0,0,0,0,-1.60,-1.60,-1.60,-1.60
0.95,19,5,14,11,39,10,30,22,55,22,45,35,73,27,60,43,92,33,77,53,111,38,90,64,130,44,105,75,150,49,121,84,169,62,135,104,189,65,153,111,18,6,15,11,0,0,0,0,0.00,0.00,0.00,0.00,0,0,0,0,-1.60,-1.60,-1.60,-1.60
1.04,19,5,16,9,37,12,29,25,57,17,44,34,77,18,62,38,96,25,78,49,112,35,92,70,131,39,108,80,150,45,124,89,169,50,140,96,190,56,157,107,19,5,15,10,0,0,0,0,0.00,0.00,0.00,0.00,0,0,0,0,-1.60,-1.60,-1.60,-1.60
1.12,15,8,14,15,35,9,32,19,56,15,48,28,71,28,62,48,89,34,78,57,109,37,94,64,125,50,107,85,144,56,125,93,161,62,139,104,187,69,156,111,18,6,15,11,0,0,0,0,0.00,0.00,0.00,0.00,0,0,0,0,-1.60,-1.60,-1.60,-1.60
1.20,18,5,16,7,37,13,29,26,55,19,44,37,79,20,62,43,92,32,74,62,112,36,90,70,128,43,105,89,151,43,124,93,168,50,138,106,189,56,155,116,18,5,15,11,0,0,0,0,0.00,0.00,0.00,0.00,0,0,0,0,-1.60,-1.60,-1.60,-1.60
1.29,19,5,16,9,39,12,32,19,55,19,47,31,76,24,63,40,95,31,79,51,113,35,94,61,136,39,111,68,153,47,125,79,177,51,141,87,195,58,156,98,19,5,15,9,0,0,0,0,0.00,0.00,0.00,0.00,0,0,0,0,-1.60,-1.60,-1.60,-1.60
1.37,19,5,16,10,38,11,32,20,56,20,46,30,76,24,61,40,96,30,77,49,113,40,90,65,135,41,109,66,150,52,123,86,174,52,142,88,190,65,154,107,19,6,15,10,0,0,0,0,0.00,0.00,0.00,0.00,0,0,0,0,-1.60,-1.60,-1.60,-1.60
1.45,21,7,17,7,37,20,28,25,57,27,42,37,76,33,57,46,98,33,75,46,114,40,91,56,131,45,105,66,146,58,118,86,167,58,138,87,185,66,154,98,18,6,15,9,0,0,0,0,0.00,0.00,0.00,0.00,0,0,0,0,-1.60,-1.60,-1.60,-1.60
1.54,20,7,15,11,41,13,32,22,61,19,48,33,78,29,61,46,94,34,77,57,114,41,93,65,133,49,108,75,153,55,124,85,173,58,140,96,193,64,156,107,19,6,15,10,0,0,0,0,0.00,0.00,0.00,0.00,0,0,0,0,-1.60,-1.60,-1.60,-1.60
1.62,21,4,18,7,41,16,30,24,60,22,46,34,83,22,68,34,103,28,83,44,121,35,97,53,143,41,116,62,161,48,131,71,183,52,148,79,198,58,165,90,19,5,16,9,0,0,1,0,0.00,0.00,0.00,0.00,0,0,0,0,-1.60,-1.60,-1.60,-1.60
1.70,21,6,16,10,39,10,30,24,59,16,46,33,81,18,64,40,100,24,80,51,118,32,95,62,138,37,112,72,158,43,127,82,177,48,144,92,195,52,159,101,19,5,15,10,0,0,0,0,0.00,0.00,0.00,0.00,0,0,0,0,-1.60,-1.60,-1.60,-1.60
1.79,19,7,16,11,41,7,36,13,58,11,53,23,78,17,69,34,95,21,86,43,114,29,100,54,135,33,117,62,153,38,132,73,172,45,148,82,192,51,164,92,19,5,16,9,0,0,1,0,0.00,0.00,0.00,0.00,0,0,0,0,-1.60,-1.60,-1.60,-1.60
1.87,16,11,14,18,37,15,32,25,56,21,48,36,75,30,63,50,95,36,79,59,114,43,99,67,131,54,111,85,152,54,130,89,171,67,142,111,196,67,161,116,19,6,16,11,0,0,1,0,0.00,0.00,0.00,0.00,0,0,0,0,-1.60,-1.60,-1.60,-1.60
1.95,21,0,21,0,36,9,33,15,56,15,49,24,76,21,66,34,93,27,81,44,112,32,97,53,131,39,113,64,146,48,126,77,168,53,142,88,186,59,157,96,18,5,15,9,0,0,0,0,0.00,0.00,0.00,0.00,0,0,0,0,-1.60,-1.60,-1.60,-1.60
2.04,24,0,19,4,41,9,33,17,60,14,49,23,79,19,65,32,98,26,80,43,119,29,97,50,138,34,112,61,156,40,128,71,173,44,144,77,190,55,158,94,19,5,15,9,0,0,0,0,0.00,0.00,0.00,0.00,0,0,0,0,-1.60,-1.60,-1.60,-1.60
2.12,19,5,15,10,39,11,32,19,56,21,45,33,76,26,61,43,95,32,77,53,115,38,92,65,136,44,108,75,155,49,123,84,170,62,136,106,188,65,152,114,18,6,15,11,0,0,0,0,0.00,0.00,0.00,0.00,0,0,0,0,-1.60,-1.60,-1.60,-1.60
2.20,16,14,12,18,37,19,28,28,56,28,43,38,78,28,62,40,93,40,75,61,116,41,94,64,130,50,108,78,148,56,123,87,165,69,136,105,184,74,153,114,18,7,15,11,0,0,0,0,0.00,0.00,0.00,0.00,0,0,0,0,-1.60,-1.60,-1.60,-1.60
2.29,19,5,15,10,37,17,28,29,58,19,48,33,78,27,64,45,100,29,84,50,116,38,97,64,136,44,113,73,159,44,133,75,179,49,147,85,199,64,160,104,19,6,16,10,0,0,1,0,0.00,0.00,0.00,0.00,0,0,0,0,-1.60,-1.60,-1.60,-1.60
2.37,18,8,14,14,38,14,31,22,57,22,45,29,81,22,67,32,98,35,81,53,119,35,100,57,135,43,112,69,154,56,125,89,174,61,140,96,192,65,154,106,19,6,15,10,0,0,0,0,0.00,0.00,0.00,0.00,0,0,0,0,-1.60,-1.60,-1.60,-1.60
2.45,19,6,15,11,39,13,31,20,60,13,51,21,78,18,68,32,95,30,82,52,113,36,97,61,134,41,114,70,152,45,128,81,175,50,146,88,192,59,161,99,19,5,16,9,0,0,1,0,0.00,0.00,0.00,0.00,0,0,0,0,-1.60,-1.60,-1.60,-1.60
2.54,20,7,16,12,43,8,35,15,64,14,50,26,82,23,63,38,102,29,79,48,122,35,94,58,142,40,111,67,161,46,127,77,179,59,140,97,201,62,159,99,20,6,15,9,1,0,0,0,0.00,0.00,0.00,0.00,0,0,0,0,-1.60,-1.60,-1.60,-1.60
2.62,18,6,15,12,37,13,31,22,54,19,44,32,77,22,63,35,94,36,77,56,114,40,96,60,131,52,108,81,152,56,126,88,170,62,142,99,191,69,157,108,19,6,15,10,0,0,0,0,0.00,0.00,0.00,0.00,0,0,0,0,-1.60,-1.60,-1.60,-1.60
2.70,19,5,16,2,36,18,29,20,55,24,45,28,76,29,61,37,96,34,76,47,117,40,93,57,136,46,109,65,153,60,122,84,174,67,138,92,193,72,153,102,19,7,15,10,0,0,0,0,0.00,0.00,0.00,0.00,0,0,0,0,-1.60,-1.60,-1.60,-1.60
2.79,16,13,11,18,37,18,28,26,56,25,45,38,74,36,59,49,96,36,79,50,116,42,96,61,132,48,112,71,148,61,125,88,171,61,144,94,189,69,158,105,18,6,15,10,0,0,0,0,0.00,0.00,0.00,0.00,0,0,0,0,-1.60,-1.60,-1.60,-1.60
2.87,20,6,15,11,39,10,35,15,59,15,51,23,77,22,65,33,101,25,85,37,118,39,98,60,138,39,116,66,158,44,131,74,178,51,147,84,202,52,166,84,20,5,16,8,1,0,1,0,0.00,0.00,0.00,0.00,0,0,0,0,-1.60,-1.60,-1.60,-1.60
2.95,17,8,14,15,37,15,31,25,56,26,45,40,76,31,60,48,97,38,77,58,116,44,93,70,138,52,109,80,160,53,127,83,179,59,142,95,200,66,158,106,20,6,15,10,1,0,0,0,0.00,0.00,0.00,0.00,0,0,0,0,-1.60,-1.60,-1.60,-1.60
3.04,20,6,16,11,35,13,32,20,55,14,51,27,75,21,67,37,93,26,82,48,116,28,101,54,134,36,114,66,155,41,131,74,176,48,145,84,196,54,162,94,19,5,16,9,0,0,1,0,0.00,0.00,0.00,0.00,0,0,0,0,-1.60,-1.60,-1.60,-1.60
3.12,19,6,17,11,39,12,34,20,55,20,48,33,74,25,65,37,95,32,81,47,115,38,97,56,134,45,113,68,154,46,132,72,171,56,145,85,193,60,162,93,19,6,16,9,0,0,1,0,0.00,0.00,0.00,0.00,0,0,0,0,-1.60,-1.60,-1.60,-1.60
3.20,19,5,15,10,39,12,32,19,58,20,46,38,75,28,60,49,95,35,77,58,115,41,94,69,133,47,110,78,154,53,127,87,173,59,142,97,195,66,159,107,19,6,15,10,0,0,0,0,0.00,0.00,0.00,0.00,0,0,0,0,-1.60,-1.60,-1.60,-1.60
3.29,23,0,19,0,42,8,35,19,60,18,49,34,78,22,64,45,97,29,81,57,116,36,96,67,137,41,114,73,156,50,128,85,178,54,146,91,196,62,160,105,19,6,16,10,0,0,1,0,0.00,0.00,0.00,0.00,0,0,0,0,-1.60,-1.60,-1.60,-1.60
3.37,22,5,16,9,41,12,32,20,58,18,47,30,75,24,64,31,96,29,80,40,114,35,95,48,135,41,112,58,153,47,127,69,175,52,145,79,195,57,161,89,19,5,16,8,0,0,1,0,0.00,0.00,0.00,0.00,0,0,0,0,-1.60,-1.60,-1.60,-1.60
3.45,18,6,17,9,39,13,34,19,57,24,47,36,76,30,63,46,97,35,80,56,115,44,92,73,139,45,112,78,157,55,124,92,180,60,142,97,198,68,157,113,19,6,15,11,0,0,0,0,0.00,0.00,0.00,0.00,0,0,0,0,-1.60,-1.60,-1.60,-1.60
3.54,19,6,16,12,39,13,33,20,56,20,49,39,76,27,65,50,100,28,85,51,119,35,100,61,140,41,116,72,161,48,131,82,182,54,146,92,202,60,163,102,20,6,16,10,1,0,1,0,0.00,0.00,0.00,0.00,0,0,0,0,-1.60,-1.60,-1.60,-1.60
3.62,16,12,14,25,37,17,31,36,53,31,44,57,72,36,59,67,93,42,76,76,108,49,90,89,128,54,106,99,148,59,122,108,166,74,135,127,187,80,152,134,18,8,15,13,0,1,0,2,0.00,0.00,0.00,0.00,0,0,0,0,-1.60,-1.60,-1.60,-1.60
3.70,20,6,16,9,40,11,33,19,61,18,49,31,79,28,63,46,98,34,79,55,116,39,97,65,133,50,111,80,155,52,130,88,174,57,144,98,194,65,161,108,19,6,16,10,0,0,1,0,0.00,0.00,0.00,0.00,0,0,0,0,-1.60,-1.60,-1.60,-1.60
3.79,17,14,14,23,42,14,35,24,63,21,52,33,83,29,68,44,101,38,82,58,122,44,98,66,141,52,114,76,160,58,129,86,181,64,146,96,200,70,161,106,20,7,16,10,1,0,1,0,0.00,0.00,0.00,0.00,0,0,0,0,-1.60,-1.60,-1.60,-1.60
3.87,23,4,19,6,40,18,32,25,59,24,48,34,83,24,69,37,104,32,86,47,122,37,99,58,145,42,117,68,162,47,132,79,183,52,148,87,200,58,162,97,20,5,16,9,1,0,1,0,0.00,0.00,0.00,0.00,0,0,0,0,-1.60,-1.60,-1.60,-1.60
3.95,18,13,14,22,39,13,33,24,61,19,50,33,78,26,67,43,97,35,81,58,114,41,97,67,135,47,113,77,155,54,129,88,176,58,145,95,195,66,159,109,19,6,15,10,0,0,0,0,0.00,0.00,0.00,0.00,0,0,0,0,-1.60,-1.60,-1.60,-1.60
4.04,21,6,18,4,39,14,33,15,61,20,50,24,84,26,67,32,101,37,80,52,121,43,96,62,137,54,108,79,161,57,126,84,177,66,141,95,198,73,158,101,19,7,15,10,0,0,0,0,0.00,0.00,0.00,0.00,0,0,0,0,-1.60,-1.60,-1.60,-1.60
4.12,19,6,16,4,33,19,29,25,52,25,45,33,73,31,63,42,92,36,78,54,111,39,95,63,132,44,111,72,153,51,127,82,178,53,146,84,197,62,160,98,19,6,16,9,0,0,1,0,0.00,0.00,0.00,0.00,0,0,0,0,-1.60,-1.60,-1.60,-1.60
4.20,19,5,18,8,37,12,33,18,58,13,52,21,78,20,69,30,96,29,85,40,119,30,105,46,137,38,120,57,157,45,137,66,178,51,153,77,199,58,169,87,19,5,16,8,0,0,1,0,0.00,0.00,0.00,0.00,0,0,0,0,-1.60,-1.60,-1.60,-1.60
4.29,20,6,17,11,41,12,34,22,60,19,49,32,84,19,68,36,104,27,85,48,124,33,101,57,141,47,115,78,163,48,135,84,183,56,150,95,204,63,168,106,20,6,16,10,1,0,1,0,0.00,0.00,0.00,0.00,0,0,0,0,-1.60,-1.60,-1.60,-1.60
4.37,21,6,19,0,40,15,34,11,63,16,53,18,81,27,67,31,103,31,86,32,123,37,102,43,139,53,116,65,160,60,134,74,182,60,154,78,202,64,170,89,20,6,17,8,1,0,2,0,0.00,0.00,0.00,0.00,0,0,0,0,-1.60,-1.60,-1.60,-1.60
4.45,22,6,17,11,41,12,34,22,64,17,52,30,86,25,69,41,107,31,84,52,128,37,102,61,148,44,119,69,169,51,136,80,186,59,151,93,209,63,170,100,20,6,17,10,1,0,2,0,0.00,0.00,0.00,0.00,0,0,0,0,-1.60,-1.60,-1.60,-1.60
4.54,19,8,15,10,40,14,33,19,59,28,48,39,79,34,64,50,100,39,83,62,118,52,98,77,142,54,118,83,158,65,132,98,181,70,150,104,198,76,167,116,19,7,16,11,0,0,1,0,0.00,0.00,0.00,0.00,0,0,0,0,-1.60,-1.60,-1.60,-1.60
4.62,22,8,18,9,42,14,34,18,64,16,54,22,81,24,72,33,102,30,89,43,122,36,106,52,142,42,123,62,162,48,139,73,187,48,159,76,205,59,174,89,20,5,17,8,1,0,2,0,0.00,0.00,0.00,0.00,0,0,0,0,-1.60,-1.60,-1.60,-1.60
4.70,24,1,20,2,46,7,37,12,67,14,55,22,89,21,73,34,109,28,89,50,128,34,105,61,153,34,124,64,175,41,142,73,194,50,156,89,214,56,173,99,21,5,17,9,2,0,2,0,0.00,0.00,0.00,0.00,0,0,0,0,-1.60,-1.60,-1.60,-1.60
4.79,20,6,17,9,43,13,34,19,61,22,48,34,81,28,65,46,107,35,84,56,125,39,102,65,146,47,119,85,170,47,140,90,189,60,154,112,212,62,173,120,21,6,17,12,2,0,2,1,0.00,0.00,0.00,0.00,0,0,0,0,-1.60,-1.60,-1.60,-1.60
4.87,26,1,22,1,47,9,40,11,64,23,54,33,83,30,70,44,107,31,91,47,125,44,106,66,142,49,123,76,164,57,141,86,184,63,157,96,206,70,175,105,20,7,17,10,1,0,2,0,0.00,0.00,0.00,0.00,0,0,0,0,-1.60,-1.60,-1.60,-1.60
4.95,21,7,17,11,42,13,34,22,67,15,54,25,90,21,72,33,108,32,88,49,132,33,109,51,150,48,123,71,176,48,144,73,196,59,159,87,221,61,178,92,22,6,17,9,3,0,2,0,0.00,0.00,0.00,0.00,0,0,0,0,-1.60,-1.60,-1.60,-1.60
5.04,21,7,18,10,45,7,39,12,67,14,58,23,88,21,76,28,109,30,91,50,132,36,110,60,153,43,127,70,172,49,143,81,193,56,160,95,214,62,179,108,21,6,17,10,2,0,2,0,0.00,0.00,0.00,0.00,0,0,0,0,-1.60,-1.60,-1.60,-1.60
5.12,22,8,19,9,42,14,36,21,64,22,55,32,82,36,70,47,108,36,92,50,128,49,107,65,148,54,126,72,170,61,143,82,191,69,162,93,216,73,187,96,21,7,18,9,2,0,3,0,0.00,0.00,0.00,0.00,0,0,0,0,-1.60,-1.60,-1.60,-1.60
5.20,19,13,16,19,40,19,35,30,60,28,52,42,82,29,72,43,103,37,90,55,125,43,108,64,141,56,123,84,164,59,143,92,182,63,162,102,203,70,180,110,20,7,18,11,1,0,3,0,0.00,0.00,0.00,0.00,0,0,0,0,-1.60,-1.60,-1.60,-1.60
5.29,22,6,19,13,43,9,41,16,66,18,59,28,87,19,80,31,108,29,97,43,128,39,113,63,150,45,132,73,176,47,153,80,194,52,172,90,215,62,190,101,21,6,19,10,2,0,4,0,0.00,0.00,0.01,0.00,0,0,0,0,-1.60,-1.60,-1.59,-1.60
5.37,21,6,20,9,42,13,37,19,66,16,59,23,88,25,75,44,109,32,94,54,132,40,113,67,156,40,138,72,175,49,155,84,198,56,174,93,220,62,192,104,22,6,19,10,3,0,4,0,0.00,0.00,0.01,0.00,0,0,0,0,-1.60,-1.60,-1.59,-1.60
5.45,23,7,19,10,44,14,37,21,66,20,57,25,89,25,78,33,111,32,96,44,132,38,114,55,155,45,134,64,174,52,152,74,196,58,174,83,217,67,191,95,21,6,19,9,2,0,4,0,0.00,0.00,0.01,0.00,0,0,0,0,-1.60,-1.60,-1.59,-1.60
5.54,24,9,19,14,47,16,38,24,72,22,59,34,95,31,78,56,114,37,97,67,137,45,116,77,160,46,139,81,182,61,156,102,208,63,179,107,229,74,196,120,22,7,19,12,3,0,4,1,0.00,0.00,0.01,0.00,0,0,0,0,-1.60,-1.60,-1.59,-1.60
5.62,23,8,19,10,45,16,38,20,68,24,57,30,94,30,79,38,115,41,94,55,139,46,115,67,161,54,134,78,184,62,154,89,207,68,177,95,225,81,193,111,22,8,19,11,3,1,4,0,0.00,0.00,0.01,0.00,0,0,0,0,-1.60,-1.60,-1.59,-1.60
5.70,26,4,22,7,46,18,40,28,68,26,59,39,93,31,81,47,113,46,98,68,136,52,118,78,159,61,137,90,183,68,157,100,203,82,175,122,229,85,198,128,22,8,19,12,3,1,4,1,0.00,0.00,0.01,0.00,0,0,0,0,-1.60,-1.60,-1.59,-1.60
5.79,24,9,20,11,48,18,40,22,71,26,59,34,94,32,81,42,118,41,99,57,143,47,118,66,166,54,138,78,190,63,159,89,216,66,183,92,236,77,202,106,23,7,20,10,4,0,5,0,0.00,0.00,0.01,0.00,0,0,0,0,-1.60,-1.60,-1.59,-1.60
5.87,21,16,18,20,46,24,39,29,66,34,57,46,90,41,80,47,115,50,101,60,142,53,125,64,163,63,145,76,188,71,167,85,213,78,188,95,238,87,208,106,23,8,20,10,4,1,5,0,0.00,0.00,0.01,0.00,0,0,0,0,-1.60,-1.60,-1.59,-1.60
5.95,25,10,20,13,52,16,44,22,77,24,67,32,101,33,89,46,126,41,109,59,154,46,133,67,179,55,153,79,203,63,174,90,225,78,194,110,249,79,218,115,24,7,21,11,5,0,6,0,0.01,0.00,0.01,0.00,0,0,0,0,-1.59,-1.60,-1.59,-1.60
6.04,24,9,22,13,52,14,46,18,78,22,69,30,102,31,89,45,130,36,113,52,153,46,135,65,178,55,158,75,203,63,180,86,228,73,201,107,254,78,225,118,25,7,22,11,6,0,7,0,0.01,0.00,0.01,0.00,0,0,0,0,-1.59,-1.60,-1.59,-1.60
6.12,28,9,24,12,53,18,47,23,81,25,72,30,103,34,96,43,127,42,118,56,153,45,142,67,176,55,163,79,204,62,187,89,229,77,207,106,257,83,233,113,25,8,23,11,6,1,8,0,0.01,0.00,0.01,0.00,0,0,0,0,-1.59,-1.60,-1.59,-1.60
6.20,31,7,25,8,53,23,46,29,76,33,68,43,101,41,90,55,125,50,115,65,151,61,136,78,180,66,163,84,206,82,187,105,232,90,211,116,257,106,232,139,25,10,23,13,6,3,8,2,0.01,0.01,0.01,0.00,0,0,0,0,-1.59,-1.59,-1.59,-1.60
6.29,28,9,25,11,53,18,48,24,80,28,72,36,108,33,98,42,137,42,122,54,163,51,145,68,189,61,170,80,215,65,197,80,243,75,222,92,269,84,246,104,26,8,24,10,7,1,9,0,0.01,0.00,0.01,0.00,0,0,0,0,-1.59,-1.60,-1.59,-1.60
6.37,24,13,23,15,54,19,49,23,81,28,75,35,107,38,100,48,134,47,124,61,162,54,151,69,186,70,174,92,212,80,198,103,240,90,224,115,266,99,248,128,26,9,24,12,7,2,9,1,0.01,0.00,0.01,0.00,0,0,0,0,-1.59,-1.60,-1.59,-1.60
6.45,28,11,27,13,55,20,52,23,83,27,80,32,113,37,107,45,140,48,133,58,168,57,160,69,196,68,186,84,228,73,214,92,254,88,238,110,285,94,268,118,28,9,26,11,9,2,11,0,0.01,0.00,0.01,0.00,0,0,0,0,-1.59,-1.60,-1.59,-1.60
6.54,31,8,30,8,59,24,55,31,87,36,81,45,119,40,110,47,146,56,134,70,174,62,164,77,203,74,191,98,231,85,218,109,260,100,243,129,290,106,272,136,29,10,27,13,10,3,12,2,0.01,0.01,0.02,0.00,0,0,0,0,-1.59,-1.59,-1.58,-1.60
6.62,29,11,28,13,55,31,53,35,84,42,81,48,116,52,111,60,144,62,139,72,174,73,168,85,209,79,199,91,235,93,226,109,265,103,256,121,297,109,288,127,29,10,28,12,10,3,13,1,0.01,0.01,0.02,0.00,0,0,0,0,-1.59,-1.59,-1.58,-1.60
6.70,33,9,32,7,60,27,60,24,89,38,89,37,122,46,121,47,151,57,151,59,183,70,182,71,214,80,212,78,244,97,241,98,278,103,272,103,309,113,301,114,30,11,30,11,11,4,15,0,0.01,0.01,0.02,0.00,0,0,0,0,-1.59,-1.59,-1.58,-1.60
6.79,32,12,31,13,64,23,64,26,95,35,96,39,124,55,126,61,157,66,157,74,189,76,189,82,218,94,219,104,249,105,248,117,280,117,280,130,311,129,311,143,31,12,31,14,12,5,16,3,0.01,0.01,0.02,0.01,0,0,0,0,-1.59,-1.59,-1.58,-1.59
6.87,35,9,33,8,67,27,63,30,95,46,94,52,127,60,125,68,167,66,160,73,201,78,193,87,232,93,224,101,267,102,258,110,297,117,288,131,329,130,322,143,32,13,32,14,13,6,17,3,0.01,0.01,0.02,0.01,0,0,0,0,-1.59,-1.59,-1.58,-1.59
6.95,34,13,36,14,68,23,71,27,105,30,108,34,137,44,143,48,171,57,177,64,205,69,212,77,238,82,246,87,275,91,283,98,308,109,316,120,344,118,353,131,34,11,35,13,15,4,20,2,0.02,0.01,0.03,0.00,0,0,0,0,-1.58,-1.59,-1.57,-1.60
7.04,36,12,38,15,71,25,75,28,108,36,113,38,140,54,148,57,178,64,187,67,213,85,223,86,251,96,262,97,283,109,300,106,314,124,335,123,351,138,373,137,35,13,37,13,16,6,22,2,0.02,0.01,0.03,0.00,0,0,0,0,-1.58,-1.59,-1.57,-1.60
7.12,36,8,38,14,71,23,77,30,107,32,119,37,145,51,158,60,185,59,199,68,219,76,236,91,254,86,278,102,289,101,317,116,325,115,356,132,363,132,396,145,36,13,39,14,17,6,24,3,0.02,0.01,0.03,0.01,0,0,0,0,-1.58,-1.59,-1.57,-1.59
7.20,34,20,41,24,74,29,85,32,113,43,128,46,150,59,169,61,190,73,212,74,224,90,253,90,264,105,297,103,302,121,339,117,337,142,378,140,381,161,421,153,38,16,42,15,19,9,27,4,0.02,0.02,0.04,0.01,0,0,0,0,-1.58,-1.58,-1.56,-1.59
7.29,37,18,43,19,78,33,89,35,118,49,132,50,157,72,175,74,201,84,221,86,239,102,263,104,279,119,305,129,320,134,351,143,361,149,396,153,400,165,439,169,40,16,43,16,21,9,28,5,0.02,0.02,0.04,0.01,0,0,0,0,-1.58,-1.58,-1.56,-1.59
7.37,42,15,49,15,84,32,96,31,126,47,143,41,168,64,191,55,205,81,237,72,249,95,286,85,288,117,331,107,332,130,380,119,370,152,429,136,414,167,478,150,41,16,47,15,22,9,32,4,0.02,0.02,0.04,0.01,0,0,0,0,-1.58,-1.58,-1.56,-1.59
7.45,45,17,50,16,89,32,101,25,135,50,152,41,177,69,200,59,221,86,251,76,264,104,299,91,309,122,350,108,355,140,401,126,398,157,450,142,439,178,498,163,43,17,49,16,24,10,34,5,0.03,0.02,0.04,0.01,0,0,0,0,-1.57,-1.58,-1.56,-1.59
7.54,45,18,53,17,91,41,105,42,136,61,157,60,184,80,211,76,230,100,263,94,276,120,317,112,329,134,372,124,374,154,424,144,422,173,478,160,469,187,534,171,46,18,53,17,27,11,38,6,0.03,0.02,0.05,0.01,0,0,0,0,-1.57,-1.58,-1.55,-1.59
7.62,55,16,57,10,102,37,109,31,157,55,166,47,205,76,220,66,254,97,276,85,303,113,332,96,350,134,387,114,400,156,443,139,451,175,499,156,501,191,556,169,50,19,55,16,31,12,40,5,0.03,0.03,0.05,0.01,0,0,0,0,-1.57,-1.57,-1.55,-1.59
7.70,50,26,57,28,104,45,118,42,154,72,176,66,206,92,236,84,259,115,295,103,315,132,357,117,366,154,415,135,419,173,475,153,471,194,534,171,519,220,592,199,51,22,59,19,32,15,44,8,0.04,0.03,0.06,0.02,0,0,0,0,-1.56,-1.57,-1.54,-1.58
7.79,53,23,62,20,110,46,124,40,164,69,187,60,220,91,252,79,274,112,313,99,329,134,377,119,383,157,440,138,435,184,501,165,490,208,564,193,548,228,629,204,54,22,62,20,35,15,47,9,0.04,0.03,0.06,0.02,0,0,0,0,-1.56,-1.57,-1.54,-1.58
7.87,59,24,68,22,117,45,136,37,174,73,202,65,233,94,269,80,290,124,334,108,350,147,403,128,406,172,469,149,463,202,535,178,527,224,604,197,585,249,670,217,58,24,67,21,39,17,52,10,0.04,0.04,0.07,0.02,0,0,0,0,-1.56,-1.56,-1.53,-1.58
7.95,57,32,68,26,124,57,140,47,182,84,207,70,244,110,279,90,304,137,349,111,366,166,417,138,428,191,489,160,485,217,560,178,544,245,628,202,606,269,700,222,60,26,70,22,41,19,55,11,0.05,0.04,0.07,0.03,0,0,0,0,-1.55,-1.56,-1.53,-1.57
8.04,59,30,72,19,122,56,147,38,182,80,221,54,241,111,294,80,303,134,370,98,363,162,443,122,425,189,518,145,489,211,594,164,549,240,667,188,608,273,739,216,60,27,73,21,41,20,58,10,0.05,0.04,0.08,0.02,0,0,0,0,-1.55,-1.56,-1.52,-1.58
8.12,68,27,80,20,132,55,158,43,194,90,233,69,259,118,312,92,327,143,392,113,392,170,470,136,454,200,547,160,516,230,621,186,581,264,698,216,647,293,776,240,64,29,77,24,45,22,62,13,0.05,0.05,0.08,0.03,0,0,0,0,-1.55,-1.55,-1.52,-1.57
8.20,72,26,86,16,138,59,168,42,209,86,254,62,275,118,336,89,346,147,422,112,417,176,509,131,482,207,593,157,550,242,675,187,620,271,761,210,690,301,845,235,69,30,84,23,50,23,69,12,0.05,0.05,0.09,0.03,0,0,0,0,-1.55,-1.55,-1.51,-1.57
8.29,74,32,91,25,146,64,181,51,217,95,273,77,288,130,362,108,360,160,454,133,430,194,543,159,502,225,635,183,574,258,725,208,647,290,816,233,720,320,906,258,72,32,90,25,53,25,75,14,0.06,0.05,0.10,0.03,0,0,0,0,-1.54,-1.55,-1.50,-1.57
8.37,80,31,98,22,156,70,193,53,232,103,289,79,307,143,383,110,387,176,481,136,462,212,576,164,540,247,672,190,618,281,767,217,695,317,863,245,775,351,960,272,77,35,96,27,58,28,81,16,0.06,0.06,0.11,0.04,0,0,0,0,-1.54,-1.54,-1.49,-1.56
8.45,80,36,96,29,162,68,193,49,244,108,287,85,326,140,386,109,405,177,482,138,482,217,575,170,565,251,672,195,643,287,768,223,720,327,863,255,798,363,961,282,79,36,96,28,60,29,81,17,0.07,0.06,0.11,0.04,0,0,0,0,-1.53,-1.54,-1.49,-1.56
8.54,86,35,107,23,167,74,212,54,252,110,320,80,333,149,426,114,416,185,533,141,498,223,638,171,582,259,745,204,667,291,854,229,748,330,958,260,828,371,1064,296,82,37,106,29,63,30,91,18,0.07,0.07,0.12,0.04,0,0,0,0,-1.53,-1.53,-1.48,-1.56
8.62,84,45,122,34,171,85,247,62,253,127,369,91,340,166,494,120,424,209,616,153,510,250,740,184,597,289,866,214,680,334,989,247,767,375,1115,275,855,412,1240,301,85,41,124,30,66,34,109,19,0.07,0.07,0.14,0.05,0,0,0,0,-1.53,-1.53,-1.46,-1.55
8.70,92,42,133,32,183,83,264,65,274,122,397,96,364,166,528,130,455,208,660,161,546,248,791,194,636,288,923,226,727,326,1054,254,816,372,1183,288,908,414,1316,320,90,41,131,32,71,34,116,21,0.08,0.07,0.15,0.05,0,0,0,0,-1.52,-1.53,-1.45,-1.55
8.79,98,44,136,28,191,91,267,64,288,134,403,96,379,183,534,134,477,227,670,165,569,275,804,201,666,320,941,233,762,367,1074,266,858,416,1208,306,956,459,1344,338,95,45,134,33,76,38,119,22,0.08,0.08,0.15,0.05,0,0,0,0,-1.52,-1.52,-1.45,-1.55
8.87,103,48,139,37,206,98,279,78,310,141,420,109,411,190,559,146,517,236,700,179,620,284,840,214,724,334,979,256,828,378,1121,288,927,426,1261,324,1030,477,1400,363,103,47,140,36,84,40,125,25,0.09,0.09,0.16,0.06,0,0,0,0,-1.51,-1.51,-1.44,-1.54
8.95,103,55,158,42,207,111,317,84,315,161,479,120,423,207,641,152,528,260,801,190,630,314,960,232,736,364,1121,270,846,412,1283,306,953,461,1446,342,1058,511,1608,380,105,51,160,38,86,44,145,27,0.09,0.10,0.19,0.06,0,0,0,0,-1.51,-1.50,-1.41,-1.54
9.04,114,52,183,40,230,102,364,77,341,157,541,120,453,211,720,165,567,262,901,206,679,316,1080,248,791,370,1258,290,903,428,1435,342,1018,481,1615,385,1132,534,1795,426,113,53,179,42,94,46,164,31,0.10,0.10,0.21,0.07,0,0,0,0,-1.50,-1.50,-1.39,-1.53
9.12,119,60,190,48,237,122,381,96,358,179,573,137,480,237,768,178,600,293,960,217,720,352,1151,261,839,411,1341,305,958,469,1532,350,1077,529,1722,395,1196,586,1913,439,119,58,191,43,100,51,176,32,0.11,0.11,0.23,0.08,0,0,0,0,-1.49,-1.49,-1.37,-1.52
9.20,130,63,215,52,260,125,431,99,393,183,648,142,523,245,864,190,651,311,1078,240,780,373,1295,286,910,434,1513,330,1041,495,1730,373,1173,556,1945,416,1303,618,2159,462,130,61,215,46,111,54,200,35,0.12,0.12,0.26,0.08,0,0,0,0,-1.48,-1.48,-1.34,-1.52
9.29,139,74,231,52,282,142,463,105,425,208,698,152,566,278,929,204,709,349,1162,259,852,416,1396,306,996,481,1630,351,1136,550,1862,401,1276,620,2093,448,1417,689,2325,497,141,68,232,49,122,61,217,38,0.13,0.13,0.28,0.09,0,0,0,0,-1.47,-1.47,-1.32,-1.51
9.37,151,76,260,57,305,149,524,108,460,220,789,157,608,294,1051,211,759,368,1312,268,912,441,1576,324,1066,513,1841,376,1221,583,2107,427,1376,654,2373,477,1530,724,2640,525,153,72,264,52,134,65,249,41,0.15,0.14,0.32,0.10,0,0,0,0,-1.45,-1.46,-1.28,-1.50
9.45,158,81,290,61,318,160,580,120,481,237,872,175,640,318,1161,234,799,401,1449,298,961,481,1739,358,1124,559,2030,416,1287,636,2322,474,1449,714,2614,530,1610,792,2905,584,161,79,290,58,142,72,275,47,0.16,0.16,0.36,0.11,0,0,0,0,-1.44,-1.44,-1.24,-1.49
9.54,167,91,326,66,337,181,651,135,509,266,978,197,680,350,1307,256,852,434,1636,316,1021,518,1966,376,1191,604,2293,433,1361,690,2620,493,1530,777,2946,555,1700,865,3272,619,170,86,327,61,151,79,312,50,0.17,0.17,0.41,0.12,0,0,0,0,-1.43,-1.43,-1.19,-1.48
9.62,188,93,344,71,374,188,687,139,560,283,1028,211,746,379,1371,281,933,474,1715,352,1119,569,2057,424,1308,664,2400,493,1494,758,2741,561,1680,852,3084,629,1869,942,3429,693,186,94,342,69,167,87,327,58,0.18,0.19,0.43,0.14,0,0,0,0,-1.42,-1.41,-1.17,-1.46
9.70,202,105,355,74,404,208,711,149,606,315,1066,224,806,421,1422,304,1010,525,1779,379,1214,628,2135,454,1417,734,2491,532,1622,838,2847,610,1826,943,3203,688,2031,1045,3561,760,203,104,356,76,184,97,341,65,0.20,0.21,0.44,0.16,0,0,0,0,-1.40,-1.39,-1.16,-1.44
9.79,217,109,377,80,430,219,755,159,648,326,1133,234,862,435,1510,312,1075,547,1886,392,1288,659,2261,474,1501,771,2636,560,1715,884,3012,643,1931,996,3390,726,2145,1108,3766,811,214,110,376,81,195,103,361,70,0.21,0.23,0.47,0.17,0,0,0,0,-1.39,-1.37,-1.13,-1.43
9.87,233,117,405,84,466,234,810,162,697,354,1211,252,927,477,1612,344,1160,596,2015,431,1394,715,2419,517,1626,832,2823,603,1860,949,3227,686,2091,1069,3631,770,2325,1185,4036,853,232,118,403,85,213,111,388,74,0.23,0.24,0.50,0.18,0,0,0,0,-1.37,-1.36,-1.10,-1.42
9.95,253,129,419,93,506,258,838,186,761,385,1258,280,1014,512,1678,371,1266,639,2097,464,1519,767,2515,556,1770,897,2934,649,2021,1026,3352,743,2273,1154,3773,835,2527,1282,4194,928,252,128,419,92,233,121,404,81,0.26,0.27,0.53,0.19,0,0,0,0,-1.34,-1.33,-1.07,-1.41
10.04,268,141,443,105,536,283,886,209,806,427,1329,316,1077,568,1773,419,1347,709,2218,520,1619,849,2662,622,1890,988,3107,723,2166,1127,3551,824,2438,1268,3996,924,2707,1413,4438,1032,270,141,443,103,251,134,428,92,0.28,0.29,0.56,0.22,0,0,0,0,-1.32,-1.31,-1.04,-1.38
10.12,301,153,475,112,604,305,950,224,904,462,1423,341,1204,620,1897,460,1508,775,2371,573,1813,930,2848,686,2118,1082,3324,797,2421,1234,3800,907,2726,1387,4275,1017,3032,1541,4751,1130,303,154,475,113,284,147,460,102,0.31,0.32,0.60,0.24,0,0,0,0,-1.29,-1.28,-1.00,-1.36
10.20,337,163,512,121,673,329,1024,240,1008,499,1533,366,1342,673,2042,495,1679,842,2554,618,2016,1008,3066,739,2354,1174,3579,861,2690,1341,4091,981,3027,1509,4603,1104,3364,1676,5115,1227,336,167,511,122,317,160,496,111,0.35,0.35,0.64,0.27,0,0,0,0,-1.25,-1.25,-0.96,-1.33
10.29,375,182,523,136,747,363,1046,270,1117,546,1568,406,1487,728,2090,542,1858,909,2614,677,2228,1088,3138,809,2595,1268,3662,942,2961,1449,4186,1077,3325,1633,4708,1217,3687,1817,5230,1353,368,181,523,135,349,174,508,124,0.38,0.38,0.66,0.30,0,0,0,0,-1.22,-1.22,-0.94,-1.30
10.37,386,209,541,145,773,419,1082,291,1163,625,1625,431,1554,829,2168,571,1943,1034,2711,712,2332,1241,3253,855,2722,1449,3795,997,3110,1656,4337,1140,3500,1862,4880,1280,3891,2068,5424,1418,389,206,542,141,370,199,527,130,0.41,0.44,0.69,0.31,0,0,0,0,-1.19,-1.16,-0.91,-1.29
10.45,385,216,586,153,771,431,1173,304,1156,648,1760,458,1541,867,2346,611,1926,1085,2933,766,2312,1304,3520,921,2700,1522,4107,1075,3088,1739,4695,1228,3480,1953,5285,1378,3872,2171,5875,1531,387,217,587,153,368,210,572,142,0.40,0.46,0.74,0.34,0,0,0,0,-1.20,-1.14,-0.86,-1.26
10.54,426,218,633,163,853,441,1265,325,1280,664,1898,489,1708,887,2531,651,2135,1111,3163,815,2562,1337,3794,982,2986,1564,4423,1148,3415,1787,5055,1309,3843,2011,5685,1475,4269,2238,6313,1643,426,223,631,164,407,216,616,153,0.45,0.48,0.80,0.37,0,0,0,0,-1.15,-1.12,-0.80,-1.23
10.62,452,244,658,175,906,486,1319,348,1359,729,1979,521,1812,973,2639,694,2265,1215,3298,867,2719,1456,3960,1042,3173,1700,4619,1218,3624,1948,5276,1397,4076,2194,5934,1575,4530,2436,6593,1751,453,243,659,175,434,236,644,164,0.48,0.52,0.84,0.39,0,0,0,0,-1.12,-1.08,-0.76,-1.21
10.70,477,260,684,190,951,523,1367,379,1428,786,2051,570,1907,1048,2734,763,2382,1312,3416,955,2857,1573,4099,1139,3336,1831,4784,1324,3814,2090,5468,1510,4290,2353,6150,1701,4766,2616,6832,1892,476,261,683,189,457,254,668,178,0.50,0.56,0.87,0.43,0,0,0,0,-1.10,-1.04,-0.73,-1.17
10.79,513,275,731,196,1026,551,1462,394,1541,827,2194,592,2055,1104,2926,788,2569,1384,3657,989,3081,1665,4387,1190,3595,1942,5119,1389,4110,2219,5852,1589,4624,2502,6582,1791,5137,2783,7312,1992,513,278,731,199,494,271,716,188,0.54,0.60,0.93,0.45,0,0,0,0,-1.06,-1.00,-0.67,-1.15
10.87,533,298,770,214,1067,596,1541,427,1601,894,2312,642,2133,1194,3082,859,2665,1492,3852,1075,3198,1786,4625,1285,3733,2083,5397,1498,4263,2382,6168,1715,4796,2678,6941,1927,5328,2973,7715,2140,532,297,771,214,513,290,756,203,0.56,0.64,0.98,0.49,0,0,0,0,-1.04,-0.96,-0.62,-1.11
10.95,562,318,775,232,1127,637,1550,461,1691,957,2325,692,2254,1280,3100,922,2819,1599,3876,1152,3385,1918,4652,1381,3955,2234,5429,1602,4523,2550,6207,1828,5091,2866,6984,2053,5658,3186,7761,2284,565,318,776,228,546,311,761,217,0.60,0.68,0.99,0.52,0,0,0,0,-1.00,-0.92,-0.61,-1.08
11.04,597,334,804,244,1193,669,1607,489,1789,1003,2409,733,2386,1338,3212,978,2983,1674,4014,1223,3580,2009,4815,1467,4176,2343,5616,1710,4774,2674,6419,1948,5373,3004,7221,2187,5971,3335,8022,2427,597,333,802,242,578,326,787,231,0.64,0.72,1.02,0.55,0,0,0,0,-0.96,-0.88,-0.58,-1.05
11.12,615,359,822,261,1231,718,1644,523,1846,1079,2466,786,2461,1440,3287,1049,3074,1799,4108,1313,3688,2158,4930,1574,4302,2517,5752,1834,4917,2872,6575,2092,5533,3225,7399,2348,6150,3580,8223,2604,615,358,822,260,596,351,807,249,0.66,0.77,1.05,0.60,0,0,0,0,-0.94,-0.83,-0.55,-1.00
11.20,656,375,848,275,1313,750,1696,551,1970,1126,2545,827,2627,1502,3394,1103,3283,1879,4243,1380,3940,2258,5091,1660,4595,2639,5939,1942,5250,3018,6788,2223,5908,3395,7639,2499,6566,3773,8490,2778,656,377,849,277,637,370,834,266,0.70,0.81,1.08,0.64,0,0,0,0,-0.90,-0.79,-0.52,-0.96
11.29,681,403,872,289,1364,804,1745,579,2048,1204,2618,869,2731,1605,3491,1159,3415,2008,4364,1452,4096,2414,5236,1749,4778,2819,6108,2044,5462,3221,6982,2335,6145,3623,7856,2628,6830,4029,8729,2925,683,402,872,292,664,395,857,281,0.73,0.87,1.11,0.67,0,0,0,0,-0.87,-0.73,-0.49,-0.93
11.37,728,423,869,310,1457,842,1739,615,2188,1261,2610,919,2919,1681,3480,1224,3649,2104,4349,1534,4378,2529,5217,1844,5109,2952,6087,2149,5841,3373,6957,2453,6573,3798,7825,2764,7303,4222,8694,3074,730,422,869,307,711,415,854,296,0.78,0.91,1.11,0.71,0,0,0,0,-0.82,-0.69,-0.49,-0.89
11.45,748,439,880,324,1494,882,1759,651,2241,1324,2639,979,2987,1765,3519,1305,3734,2203,4399,1627,4479,2646,5279,1956,5225,3087,6160,2281,5972,3526,7041,2604,6718,3970,7920,2933,7462,4413,8800,3261,746,441,880,326,727,434,865,315,0.80,0.95,1.12,0.76,0,0,0,0,-0.80,-0.65,-0.48,-0.84
11.54,789,460,882,338,1579,924,1764,677,2369,1388,2646,1016,3156,1853,3528,1358,3944,2324,4410,1702,4732,2792,5292,2045,5522,3258,6175,2383,6312,3725,7057,2722,7102,4195,7940,3065,7891,4670,8822,3409,789,467,882,340,770,460,867,329,0.85,1.01,1.13,0.79,0,0,0,0,-0.75,-0.59,-0.47,-0.81
11.62,833,484,883,357,1666,969,1767,716,2497,1458,2650,1078,3329,1945,3534,1439,4162,2428,4418,1795,4995,2913,5301,2153,5828,3402,6183,2515,6660,3891,7066,2877,7492,4378,7950,3237,8325,4863,8834,3593,832,486,883,359,813,479,868,348,0.89,1.05,1.13,0.84,0,0,0,0,-0.71,-0.55,-0.47,-0.76
11.70,852,503,885,376,1702,1008,1770,754,2552,1512,2655,1132,3401,2020,3540,1513,4249,2531,4425,1893,5097,3039,5310,2272,5945,3546,6195,2649,6793,4052,7081,3026,7641,4557,7967,3400,8488,5063,8853,3775,848,506,885,377,829,499,870,366,0.91,1.10,1.13,0.88,0,0,0,0,-0.69,-0.50,-0.47,-0.72
11.79,874,529,886,400,1748,1059,1772,802,2622,1591,2658,1205,3497,2124,3544,1609,4371,2655,4430,2011,5245,3183,5317,2409,6119,3713,6203,2808,6992,4247,7089,3213,7865,4779,7975,3614,8739,5308,8861,4011,873,530,886,401,854,523,871,390,0.94,1.15,1.13,0.94,0,0,0,0,-0.66,-0.45,-0.47,-0.66
11.87,880,546,886,421,1759,1095,1772,845,2639,1644,2659,1270,3520,2191,3546,1692,4401,2736,4433,2111,5281,3281,5320,2529,6160,3828,6207,2947,7040,4377,7094,3369,7920,4930,7980,3792,8800,5480,8868,4213,880,548,886,421,861,541,871,410,0.95,1.19,1.13,0.98,0,0,0,0,-0.65,-0.41,-0.47,-0.62
11.95,882,569,887,428,1764,1141,1775,860,2646,1711,2662,1292,3529,2279,3550,1721,4411,2850,4438,2153,5293,3416,5326,2580,6174,3985,6213,3012,7056,4555,7100,3444,7938,5121,7988,3872,8820,5687,8875,4303,882,568,887,430,863,561,872,419,0.95,1.23,1.13,1.01,0,0,0,0,-0.65,-0.37,-0.47,-0.59
12.04,885,593,888,446,1769,1184,1776,890,2653,1779,2663,1338,3538,2373,3551,1784,4422,2965,4438,2226,5307,3561,5326,2674,6192,4152,6214,3117,7075,4749,7102,3568,7960,5340,7990,4010,8845,5937,8878,4459,884,593,887,445,865,586,872,434,0.95,1.29,1.13,1.04,0,0,0,0,-0.65,-0.31,-0.47,-0.56
12.12,886,614,888,471,1772,1226,1777,937,2657,1837,2665,1403,3543,2452,3553,1874,4429,3061,4441,2340,5315,3675,5329,2812,6201,4286,6217,3279,7087,4898,7105,3748,7973,5512,7993,4218,8858,6124,8881,4686,885,612,888,468,866,605,873,457,0.95,1.33,1.13,1.10,0,0,0,0,-0.65,-0.27,-0.47,-0.50
12.20,887,630,889,473,1774,1257,1778,941,2661,1884,2667,1411,3549,2513,3556,1886,4437,3140,4445,2356,5324,3767,5333,2829,6211,4396,6222,3304,7099,5020,7111,3775,7986,5645,7999,4247,8874,6274,8888,4723,887,627,888,472,868,620,873,461,0.95,1.36,1.13,1.11,0,0,0,0,-0.65,-0.24,-0.47,-0.49
12.29,888,659,889,487,1775,1317,1777,974,2662,1978,2665,1467,3550,2639,3554,1959,4438,3296,4443,2447,5325,3957,5331,2941,6212,4617,6220,3433,7100,5273,7109,3922,7987,5932,7997,4414,8875,6591,8886,4906,887,659,888,490,868,652,873,479,0.95,1.43,1.13,1.15,0,0,0,0,-0.65,-0.17,-0.47,-0.45
12.37,888,663,890,512,1777,1330,1780,1027,2665,1993,2670,1535,3554,2660,3560,2048,4443,3323,4450,2556,5330,3992,5340,3070,6219,4657,6230,3579,7107,5322,7120,4089,7995,5989,8010,4601,8884,6653,8900,5108,888,665,890,510,869,658,875,499,0.96,1.45,1.14,1.20,0,0,0,0,-0.64,-0.15,-0.46,-0.40
12.45,889,675,890,516,1777,1353,1779,1035,2667,2030,2669,1552,3556,2709,3558,2072,4446,3388,4448,2589,5336,4067,5337,3109,6225,4748,6227,3626,7114,5430,7116,4146,8003,6112,8006,4663,8892,6795,8896,5183,889,679,889,518,870,672,874,507,0.96,1.48,1.14,1.22,0,0,0,0,-0.64,-0.12,-0.46,-0.38
12.54,889,695,889,528,1777,1392,1778,1061,2666,2090,2667,1592,3558,2785,3556,2119,4447,3483,4445,2649,5337,4181,5334,3180,6226,4874,6225,3707,7116,5571,7114,4238,8006,6268,8003,4769,8896,6963,8892,5294,889,696,889,529,870,689,874,518,0.96,1.52,1.14,1.24,0,0,0,0,-0.64,-0.08,-0.46,-0.36
12.62,890,710,890,539,1779,1423,1779,1082,2669,2136,2669,1624,3559,2846,3559,2161,4448,3558,4449,2704,5338,4271,5339,3245,6228,4980,6229,3782,7117,5693,7119,4324,8006,6404,8009,4864,8895,7113,8899,5401,889,711,889,540,870,704,874,529,0.96,1.55,1.14,1.27,0,0,0,0,-0.64,-0.05,-0.46,-0.33
12.70,890,727,890,553,1780,1452,1780,1104,2670,2174,2670,1655,3560,2900,3560,2208,4450,3626,4450,2761,5340,4348,5340,3309,6230,5073,6230,3861,7120,5798,7120,4414,8010,6520,8010,4963,8901,7245,8900,5516,890,724,890,551,871,717,875,540,0.96,1.58,1.14,1.30,0,0,0,0,-0.64,-0.02,-0.46,-0.30
12.79,891,733,891,566,1781,1464,1781,1130,2674,2198,2671,1700,3565,2930,3561,2266,4456,3660,4451,2829,5347,4396,5341,3396,6238,5129,6232,3960,7128,5862,7122,4525,8019,6597,8011,5090,8910,7329,8901,5650,891,732,890,565,872,725,875,554,0.96,1.60,1.14,1.33,0,0,0,0,-0.64,-0.00,-0.46,-0.27
12.87,892,753,890,578,1784,1502,1780,1152,2675,2253,2670,1730,3567,3006,3561,2310,4458,3755,4452,2885,5350,4505,5342,3461,6240,5256,6232,4042,7131,6006,7122,4619,8022,6755,8012,5194,8913,7506,8902,5774,891,750,890,577,872,743,875,566,0.96,1.63,1.14,1.36,0,30000,0,0,-0.64,0.03,-0.46,-0.24
12.96,891,759,890,568,1782,1519,1780,1139,2674,2281,2670,1713,3565,3040,3560,2283,4456,3801,4450,2857,5348,4560,5340,3427,6239,5318,6230,3997,7130,6079,7120,4570,8022,6836,8010,5139,8913,7593,8900,5709,891,759,890,570,872,752,875,559,0.96,1.65,1.14,1.34,0,30000,0,0,-0.64,0.05,-0.46,-0.26
13.04,892,761,890,566,1783,1523,1780,1134,2675,2287,2671,1706,3566,3049,3561,2274,4457,3815,4452,2847,5349,4578,5343,3416,6240,5342,6233,3989,7132,6106,7124,4561,8024,6868,8015,5131,8914,7632,8905,5705,891,763,890,570,872,756,875,559,0.96,1.66,1.14,1.34,0,30000,0,0,-0.64,0.06,-0.46,-0.26
13.12,892,771,891,569,1783,1545,1781,1141,2675,2317,2672,1710,3565,3092,3563,2283,4458,3864,4454,2852,5350,4639,5345,3424,6242,5413,6235,3996,7134,6186,7126,4565,8026,6962,8016,5141,8917,7734,8907,5711,891,773,890,571,872,766,875,560,0.96,1.69,1.14,1.34,0,30000,0,0,-0.64,0.09,-0.46,-0.26
13.21,892,781,891,589,1784,1565,1782,1182,2676,2347,2673,1773,3569,3128,3564,2360,4462,3912,4454,2951,5354,4695,5345,3543,6247,5476,6236,4132,7139,6261,7126,4725,8031,7044,8017,5314,8923,7827,8908,5904,892,782,890,590,873,775,875,579,0.96,1.71,1.14,1.39,0,30000,0,0,-0.64,0.11,-0.46,-0.21
13.29,892,784,891,600,1785,1566,1782,1200,2677,2350,2673,1800,3569,3135,3564,2404,4462,3919,4455,3006,5355,4701,5346,3605,6247,5482,6237,4202,7139,6264,7128,4800,8031,7048,8018,5402,8923,7831,8909,6003,892,783,890,600,873,776,875,589,0.96,1.71,1.14,1.41,0,30000,0,0,-0.64,0.11,-0.46,-0.19
13.37,892,784,891,619,1785,1566,1782,1234,2677,2351,2673,1854,3569,3136,3565,2472,4461,3920,4457,3088,5354,4707,5348,3708,6246,5491,6239,4323,7139,6278,7130,4943,8031,7063,8021,5559,8924,7849,8912,6179,892,784,891,617,873,777,876,606,0.96,1.71,1.14,1.45,0,30000,0,0,-0.64,0.11,-0.46,-0.15
13.46,892,803,891,622,1784,1603,1782,1241,2676,2407,2673,1864,3568,3206,3564,2483,4460,4006,4456,3106,5352,4806,5347,3727,6244,5605,6239,4346,7136,6404,7130,4968,8028,7204,8021,5592,8921,8002,8912,6213,892,800,891,621,873,793,876,610,0.96,1.74,1.14,1.46,0,30000,0,0,-0.64,0.14,-0.46,-0.14
13.54,892,806,891,631,1785,1613,1783,1259,2677,2417,2673,1889,3569,3222,3564,2523,4461,4025,4455,3151,5353,4831,5345,3786,6244,5636,6236,4417,7135,6439,7127,5047,8028,7245,8018,5681,8920,8050,8909,6311,892,805,890,631,873,798,875,620,0.96,1.76,1.14,1.49,0,30000,0,0,-0.64,0.16,-0.46,-0.11
13.62,892,809,891,636,1784,1621,1782,1277,2677,2430,2673,1915,3569,3237,3564,2552,4461,4047,4455,3193,5354,4855,5346,3830,6247,5662,6237,4469,7139,6473,7128,5110,8032,7281,8020,5746,8924,8089,8911,6385,892,808,891,638,873,801,876,627,0.96,1.76,1.14,1.50,0,30000,0,0,-0.64,0.16,-0.46,-0.10
13.71,893,813,892,641,1786,1625,1783,1284,2679,2438,2675,1927,3572,3248,3567,2566,4465,4061,4458,3210,5358,4873,5350,3852,6250,5683,6241,4491,7143,6495,7132,5135,8035,7305,8024,5775,8927,8114,8915,6413,892,811,891,641,873,804,876,630,0.96,1.77,1.14,1.51,0,30000,0,0,-0.64,0.17,-0.46,-0.09
13.79,892,818,891,638,1784,1637,1782,1279,2677,2457,2673,1926,3570,3278,3564,2572,4463,4097,4455,3212,5355,4916,5346,3855,6247,5738,6237,4502,7140,6560,7128,5148,8032,7380,8019,5790,8925,8199,8910,6433,892,819,891,643,873,812,876,632,0.96,1.79,1.14,1.52,0,30000,0,0,-0.64,0.19,-0.46,-0.08
13.87,892,825,891,647,1784,1650,1783,1294,2676,2478,2674,1946,3569,3305,3565,2597,4462,4129,4456,3244,5355,4953,5347,3893,6248,5779,6238,4547,7142,6604,7129,5200,8035,7427,8020,5848,8928,8250,8911,6498,892,825,891,649,873,818,876,638,0.96,1.80,1.14,1.53,0,30000,0,0,-0.64,0.20,-0.46,-0.07
13.96,893,817,892,662,1787,1634,1783,1323,2680,2450,2674,1979,3573,3266,3565,2636,4466,4083,4456,3297,5359,4901,5347,3959,6253,5718,6238,4617,7147,6532,7129,5274,8039,7348,8020,5932,8932,8166,8911,6592,893,816,891,659,874,809,876,648,0.96,1.78,1.14,1.56,0,30000,0,0,-0.64,0.18,-0.46,-0.04
14.04,892,826,891,659,1785,1653,1782,1323,2678,2480,2673,1985,3571,3306,3564,2646,4464,4131,4456,3304,5357,4955,5347,3962,6250,5779,6238,4622,7143,6605,7129,5282,8036,7431,8021,5943,8929,8256,8913,6602,892,825,891,660,873,818,876,649,0.96,1.80,1.14,1.56,0,30000,0,0,-0.64,0.20,-0.46,-0.04
14.12,893,827,891,662,1785,1658,1782,1329,2678,2488,2673,1994,3571,3317,3564,2656,4463,4149,4456,3321,5356,4979,5347,3982,6249,5811,6238,4647,7142,6641,7129,5308,8035,7473,8020,5971,8928,8305,8911,6635,892,830,891,663,873,823,876,652,0.96,1.81,1.14,1.56,0,30000,0,0,-0.64,0.21,-0.46,-0.04
14.21,893,828,891,662,1786,1657,1782,1325,2679,2487,2673,1992,3572,3318,3564,2658,4465,4148,4455,3323,5357,4977,5346,3988,6253,5804,6237,4649,7145,6631,7128,5311,8038,7459,8019,5974,8930,8289,8910,6640,893,828,891,664,874,821,876,653,0.96,1.81,1.14,1.57,0,30000,0,0,-0.64,0.21,-0.46,-0.03
14.29,893,834,891,668,1786,1670,1782,1339,2679,2505,2673,2008,3573,3337,3564,2674,4466,4170,4455,3342,5358,5006,5346,4013,6251,5842,6237,4683,7144,6678,7128,5353,8036,7511,8020,6019,8929,8345,8911,6687,892,834,891,668,873,827,876,657,0.96,1.82,1.14,1.58,0,30000,0,0,-0.64,0.22,-0.46,-0.02
14.37,894,836,891,675,1788,1668,1783,1347,2681,2499,2675,2018,3574,3334,3566,2694,4468,4166,4458,3364,5361,4997,5350,4035,6254,5831,6242,4710,7147,6663,7134,5380,8040,7494,8026,6051,8933,8328,8917,6729,893,832,891,672,874,825,876,661,0.96,1.81,1.14,1.59,0,30000,0,0,-0.64,0.21,-0.46,-0.01
14.46,894,834,891,675,1786,1664,1783,1347,2679,2496,2675,2018,3572,3328,3567,2693,4466,4156,4459,3363,5359,4986,5350,4034,6252,5818,6242,4708,7145,6646,7134,5376,8038,7476,8026,6047,8932,8308,8918,6721,893,830,891,672,874,823,876,661,0.96,1.81,1.14,1.59,0,30000,0,0,-0.64,0.21,-0.46,-0.01
14.54,893,833,892,677,1786,1666,1783,1353,2679,2502,2673,2034,3573,3337,3564,2714,4466,4170,4455,3390,5361,5003,5346,4068,6254,5838,6237,4751,7149,6672,7128,5431,8042,7505,8019,6111,8934,8338,8910,6791,893,833,891,679,874,826,876,668,0.96,1.82,1.14,1.60,0,30000,0,30000,-0.64,0.22,-0.46,0.00
14.62,893,833,891,685,1787,1664,1782,1367,2680,2495,2673,2048,3572,3328,3564,2733,4465,4162,4455,3418,5358,4995,5346,4098,6251,5827,6237,4778,7144,6661,7128,5462,8037,7495,8019,6146,8931,8327,8910,6824,893,832,891,682,874,825,876,671,0.96,1.81,1.14,1.61,0,30000,0,30000,-0.64,0.21,-0.46,0.01
14.71,893,841,891,680,1786,1680,1782,1358,2679,2518,2673,2035,3572,3358,3564,2716,4466,4198,4455,3395,5360,5035,5346,4070,6252,5876,6237,4752,7145,6716,7128,5433,8037,7553,8019,6111,8930,8393,8910,6794,893,839,891,679,874,832,876,668,0.96,1.83,1.14,1.60,0,30000,0,30000,-0.64,0.23,-0.46,0.00
14.79,894,837,891,684,1787,1675,1782,1373,2680,2513,2673,2062,3573,3348,3565,2745,4466,4185,4456,3432,5359,5023,5347,4120,6253,5858,6239,4805,7146,6693,7130,5491,8039,7531,8021,6178,8932,8367,8913,6866,893,836,891,686,874,829,876,675,0.96,1.82,1.14,1.62,0,30000,0,30000,-0.64,0.22,-0.46,0.02
14.87,893,842,892,680,1786,1686,1783,1365,2680,2528,2675,2046,3573,3369,3567,2726,4467,4210,4458,3409,5360,5054,5349,4094,6253,5897,6241,4778,7146,6737,7134,5457,8039,7578,8025,6138,8932,8420,8916,6823,893,842,891,682,874,835,876,671,0.96,1.84,1.14,1.61,0,30000,0,30000,-0.64,0.24,-0.46,0.01
14.96,893,840,891,684,1787,1681,1783,1368,2679,2520,2674,2048,3572,3359,3565,2728,4465,4199,4456,3411,5358,5037,5347,4091,6251,5877,6238,4775,7144,6716,7129,5454,8037,7554,8020,6133,8931,8394,8911,6815,893,839,891,681,874,832,876,670,0.96,1.83,1.14,1.61,0,30000,0,30000,-0.64,0.23,-0.46,0.01
15.04,894,837,891,686,1787,1676,1782,1375,2680,2512,2673,2062,3573,3350,3564,2751,4466,4191,4455,3440,5359,5032,5346,4126,6252,5874,6237,4815,7146,6713,7128,5501,8039,7551,8019,6187,8933,8391,8910,6876,893,839,891,687,874,832,876,676,0.96,1.83,1.14,1.62,0,30000,0,30000,-0.64,0.23,-0.46,0.02
15.12,893,841,891,689,1786,1682,1783,1375,2679,2520,2675,2058,3573,3359,3567,2746,4466,4199,4459,3434,5360,5035,5351,4118,6253,5873,6243,4802,7147,6712,7135,5491,8041,7550,8027,6178,8934,8388,8919,6867,893,838,891,686,874,831,876,675,0.96,1.83,1.14,1.62,0,30000,0,30000,-0.64,0.23,-0.46,0.02
15.21,894,841,892,684,1787,1683,1784,1370,2683,2522,2676,2052,3577,3363,3568,2737,4470,4204,4460,3422,5363,5044,5351,4104,6257,5887,6242,4789,7150,6726,7134,5469,8043,7566,8026,6151,8936,8407,8918,6835,893,840,891,683,874,833,876,672,0.96,1.83,1.14,1.61,0,30000,0,30000,-0.64,0.23,-0.46,0.01
15.29,893,836,892,680,1787,1673,1783,1363,2680,2511,2675,2048,3573,3347,3566,2729,4466,4185,4457,3414,5359,5021,5349,4094,6253,5859,6241,4777,7146,6695,7133,5456,8039,7531,8024,6136,8933,8369,8916,6820,893,836,891,682,874,829,876,671,0.96,1.82,1.14,1.61,0,30000,0,30000,-0.64,0.22,-0.46,0.01
15.37,894,840,891,682,1788,1682,1783,1367,2681,2522,2674,2049,3574,3365,3566,2734,4467,4205,4457,3416,5360,5047,5349,4103,6253,5888,6241,4784,7146,6731,7132,5470,8040,7572,8025,6151,8934,8414,8916,6838,893,841,891,683,874,834,876,672,0.96,1.83,1.14,1.61,0,30000,0,30000,-0.64,0.23,-0.46,0.01
15.46,894,841,892,690,1787,1682,1784,1376,2681,2524,2676,2066,3575,3364,3568,2749,4468,4204,4460,3435,5361,5046,5352,4122,6255,5886,6244,4805,7147,6729,7135,5493,8040,7571,8027,6178,8933,8412,8919,6862,893,841,891,686,874,834,876,675,0.96,1.83,1.14,1.62,0,30000,0,30000,-0.64,0.23,-0.46,0.02
15.54,893,848,892,687,1787,1695,1784,1372,2680,2540,2675,2054,3573,3387,3567,2740,4467,4233,4459,3426,5359,5076,5350,4107,6252,5922,6241,4793,7148,6767,7133,5478,8042,7608,8024,6159,8935,8453,8915,6845,893,845,891,684,874,838,876,673,0.96,1.84,1.14,1.62,0,30000,0,30000,-0.64,0.24,-0.46,0.02
15.62,893,846,892,684,1786,1694,1783,1371,2680,2541,2675,2059,3573,3385,3567,2741,4466,4230,4459,3423,5359,5077,5351,4109,6252,5924,6243,4792,7145,6768,7135,5471,8038,7613,8026,6152,8931,8459,8918,6838,893,845,891,683,874,838,876,672,0.96,1.84,1.14,1.61,0,30000,0,30000,-0.64,0.24,-0.46,0.01
15.71,893,842,892,685,1786,1683,1784,1370,2679,2522,2676,2051,3572,3363,3567,2737,4466,4201,4459,3418,5359,5042,5351,4103,6252,5882,6243,4788,7146,6722,7135,5472,8039,7561,8026,6154,8933,8401,8918,6837,893,840,891,683,874,833,876,672,0.96,1.83,1.14,1.61,0,30000,0,30000,-0.64,0.23,-0.46,0.01
15.79,894,838,892,689,1787,1675,1784,1376,2680,2510,2675,2059,3573,3347,3567,2745,4466,4186,4458,3432,5358,5025,5350,4120,6251,5863,6241,4803,7145,6701,7133,5486,8038,7540,8024,6174,8931,8379,8916,6861,893,837,891,686,874,830,876,675,0.96,1.83,1.14,1.62,0,30000,0,30000,-0.64,0.23,-0.46,0.02
15.87,893,843,892,686,1787,1685,1785,1368,2679,2526,2678,2051,3572,3370,3570,2738,4465,4213,4462,3423,5358,5053,5354,4104,6251,5893,6246,4785,7144,6735,7138,5468,8037,7577,8030,6153,8930,8417,8922,6835,893,841,892,683,874,834,877,672,0.96,1.83,1.14,1.61,0,30000,0,30000,-0.64,0.23,-0.46,0.01
15.96,894,838,892,682,1788,1676,1784,1366,2681,2514,2676,2050,3574,3354,3568,2737,4468,4194,4460,3425,5362,5033,5352,4113,6256,5870,6244,4796,7149,6708,7136,5481,8043,7546,8028,6168,8936,8386,8920,6858,893,838,892,685,874,831,877,674,0.96,1.83,1.14,1.62,0,30000,0,30000,-0.64,0.23,-0.46,0.02
16.04,893,834,892,688,1785,1668,1784,1378,2678,2504,2676,2071,3571,3340,3568,2762,4463,4174,4460,3449,5356,5008,5351,4136,6249,5842,6243,4824,7143,6679,7135,5515,8036,7516,8027,6206,8929,8352,8918,6897,892,835,891,689,873,828,876,678,0.96,1.82,1.14,1.63,0,30000,0,30000,-0.64,0.22,-0.46,0.03
16.12,893,841,892,697,1786,1681,1784,1392,2680,2519,2676,2085,3573,3356,3568,2775,4466,4193,4460,3467,5359,5032,5352,4163,6253,5871,6244,4858,7146,6709,7136,5552,8040,7545,8027,6244,8934,8380,8918,6934,893,838,891,693,874,831,876,682,0.96,1.83,1.14,1.64,0,30000,0,30000,-0.64,0.23,-0.46,0.04
16.21,893,837,892,699,1787,1672,1784,1396,2680,2508,2676,2092,3574,3346,3568,2791,4468,4183,4460,3490,5361,5019,5352,4185,6255,5857,6244,4883,7149,6695,7136,5580,8043,7531,8028,6274,8935,8368,8920,6969,893,836,892,696,874,829,877,685,0.96,1.82,1.14,1.64,0,30000,0,30000,-0.64,0.22,-0.46,0.04
16.29,895,847,891,697,1789,1695,1783,1394,2682,2540,2675,2089,3575,3384,3567,2782,4468,4230,4459,3479,5360,5075,5351,4176,6253,5917,6243,4871,7146,6758,7135,5564,8041,7601,8026,6260,8934,8442,8918,6955,893,844,891,695,874,837,876,684,0.96,1.84,1.14,1.64,0,30000,0,30000,-0.64,0.24,-0.46,0.04
16.37,894,845,892,697,1787,1687,1784,1391,2680,2530,2676,2085,3573,3373,3568,2780,4465,4218,4460,3478,5358,5062,5352,4175,6251,5903,6244,4867,7143,6744,7136,5561,8036,7585,8028,6258,8930,8428,8920,6955,893,842,892,695,874,835,877,684,0.96,1.84,1.14,1.64,0,30000,0,30000,-0.64,0.24,-0.46,0.04
16.46,893,845,892,697,1786,1691,1784,1396,2680,2536,2676,2090,3573,3381,3568,2790,4466,4226,4460,3488,5360,5070,5352,4186,6254,5916,6244,4887,7150,6758,7136,5583,8043,7603,8028,6283,8936,8448,8920,6983,893,844,892,698,874,837,877,687,0.96,1.84,1.14,1.65,0,30000,0,30000,-0.64,0.24,-0.46,0.05
16.54,893,850,892,706,1786,1699,1784,1409,2679,2551,2676,2117,3573,3400,3568,2818,4466,4248,4460,3523,5360,5097,5352,4229,6253,5943,6244,4931,7147,6792,7136,5639,8041,7640,8028,6343,8934,8486,8920,7048,893,848,892,704,874,841,877,693,0.96,1.85,1.14,1.66,0,30000,0,30000,-0.64,0.25,-0.46,0.06
16.62,895,843,892,698,1789,1685,1784,1396,2682,2532,2676,2100,3575,3378,3568,2803,4468,4224,4460,3503,5362,5067,5352,4202,6255,5910,6244,4903,7148,6756,7136,5608,8042,7601,8028,6312,8936,8444,8920,7013,893,844,892,701,874,837,877,690,0.96,1.84,1.14,1.66,0,30000,0,30000,-0.64,0.24,-0.46,0.06
16.71,893,844,892,702,1786,1688,1784,1403,2679,2530,2676,2101,3571,3372,3568,2800,4464,4216,4460,3504,5358,5061,5352,4206,6252,5905,6244,4905,7145,6747,7136,5602,8038,7591,8028,6300,8931,8437,8920,7002,893,843,892,700,874,836,877,689,0.96,1.84,1.14,1.65,0,30000,0,30000,-0.64,0.24,-0.46,0.05
16.79,893,847,892,705,1786,1693,1784,1409,2680,2537,2675,2109,3573,3382,3567,2811,4466,4228,4459,3517,5360,5075,5351,4222,6254,5922,6243,4927,7148,6767,7135,5628,8041,7611,8026,6329,8934,8456,8918,7031,893,845,891,703,874,838,876,692,0.96,1.84,1.14,1.66,0,30000,0,30000,-0.64,0.24,-0.46,0.06
16.87,893,852,892,709,1786,1701,1784,1414,2678,2549,2676,2118,3571,3399,3568,2825,4464,4250,4460,3533,5358,5099,5352,4240,6251,5946,6244,4944,7144,6793,7136,5649,8038,7642,8028,6358,8934,8490,8920,7066,893,849,892,706,874,842,877,695,0.96,1.85,1.14,1.67,0,30000,0,30000,-0.64,0.25,-0.46,0.07
16.96,893,852,891,707,1786,1705,1783,1416,2680,2556,2676,2120,3573,3409,3568,2826,4467,4262,4461,3535,5361,5114,5353,4239,6255,5967,6245,4947,7149,6821,7137,5655,8043,7673,8029,6360,8937,8527,8921,7069,893,852,892,706,874,845,877,695,0.96,1.86,1.14,1.67,0,30000,0,30000,-0.64,0.26,-0.46,0.07
17.04,893,849,892,702,1786,1697,1784,1403,2679,2548,2676,2108,3573,3398,3568,2812,4466,4247,4460,3514,5360,5097,5352,4218,6252,5945,6244,4918,7146,6794,7136,5621,8040,7643,8028,6325,8933,8490,8920,7025,893,849,892,702,874,842,877,691,0.96,1.85,1.14,1.66,0,30000,0,30000,-0.64,0.25,-0.46,0.06
17.12,893,850,892,707,1787,1700,1784,1412,2680,2549,2676,2117,3573,3399,3568,2824,4467,4247,4460,3528,5361,5098,5351,4234,6254,5945,6243,4937,7147,6795,7135,5646,8040,7642,8027,6349,8934,8490,8919,7055,893,849,891,705,874,842,876,694,0.96,1.85,1.14,1.67,0,30000,0,30000,-0.64,0.25,-0.46,0.07
17.21,893,854,892,709,1787,1705,1784,1415,2680,2558,2676,2125,3572,3411,3568,2835,4466,4265,4460,3545,5360,5115,5352,4254,6254,5966,6244,4964,7147,6819,7136,5673,8041,7670,8028,6379,8935,8523,8920,7090,893,852,892,709,874,845,877,698,0.96,1.86,1.14,1.68,0,30000,0,30000,-0.64,0.26,-0.46,0.08
17.29,893,855,892,706,1786,1712,1784,1415,2679,2569,2676,2126,3573,3425,3568,2833,4466,4279,4460,3539,5359,5132,5353,4243,6253,5986,6245,4948,7147,6841,7137,5655,8039,7697,8029,6364,8933,8551,8921,7071,893,855,892,707,874,848,877,696,0.96,1.87,1.14,1.67,0,30000,0,30000,-0.64,0.27,-0.46,0.07
17.37,894,855,892,705,1788,1711,1784,1410,2681,2569,2676,2118,3574,3425,3568,2822,4468,4281,4460,3528,5362,5139,5352,4237,6255,5995,6244,4941,7148,6851,7136,5647,8042,7710,8028,6356,8936,8567,8920,7062,893,856,892,706,874,849,877,695,0.96,1.87,1.14,1.67,0,30000,0,30000,-0.64,0.27,-0.46,0.07
17.46,894,857,892,706,1787,1714,1784,1410,2680,2569,2676,2113,3574,3425,3568,2819,4467,4280,4460,3521,5359,5135,5352,4223,6252,5992,6244,4928,7146,6846,7136,5629,8039,7701,8028,6332,8932,8556,8920,7034,893,855,892,703,874,848,877,692,0.96,1.87,1.14,1.66,0,30000,0,30000,-0.64,0.27,-0.46,0.06
17.54,893,853,892,712,1786,1707,1784,1422,2680,2560,2675,2128,3575,3414,3567,2838,4469,4268,4459,3549,5362,5120,5351,4256,6255,5972,6243,4963,7148,6827,7135,5674,8041,7678,8027,6383,8935,8530,8919,7090,893,853,891,709,874,846,876,698,0.96,1.86,1.14,1.68,0,30000,0,30000,-0.64,0.26,-0.46,0.08
17.62,893,853,892,711,1787,1708,1784,1425,2681,2561,2676,2135,3574,3416,3568,2850,4468,4269,4460,3559,5362,5124,5352,4271,6256,5978,6244,4981,7149,6833,7136,5695,8043,7685,8028,6404,8936,8539,8920,7117,893,853,892,711,874,846,877,700,0.96,1.86,1.14,1.68,0,30000,0,30000,-0.64,0.26,-0.46,0.08
17.71,894,851,892,707,1787,1702,1784,1414,2680,2554,2676,2123,3573,3408,3568,2836,4467,4261,4460,3546,5360,5112,5352,4253,6253,5964,6244,4961,7146,6817,7136,5672,8040,7670,8028,6383,8933,8521,8920,7090,893,852,892,709,874,845,877,698,0.96,1.86,1.14,1.68,0,30000,0,30000,-0.64,0.26,-0.46,0.08
17.79,893,854,892,711,1786,1709,1784,1424,2679,2564,2676,2133,3572,3417,3568,2842,4465,4271,4460,3552,5358,5127,5352,4268,6251,5982,6244,4981,7145,6836,7136,5689,8038,7690,8028,6398,8931,8546,8920,7110,893,854,892,711,874,847,877,700,0.96,1.86,1.14,1.68,0,30000,0,30000,-0.64,0.26,-0.46,0.08
17.87,894,854,892,709,1788,1710,1784,1419,2682,2564,2676,2124,3575,3416,3568,2831,4468,4269,4460,3543,5362,5122,5352,4252,6255,5973,6244,4958,7151,6826,7136,5669,8044,7679,8028,6379,8937,8530,8920,7086,893,853,892,708,874,846,877,697,0.96,1.86,1.14,1.67,0,30000,0,30000,-0.64,0.26,-0.46,0.07
17.96,894,854,892,710,1788,1705,1784,1416,2681,2556,2676,2122,3575,3409,3568,2832,4468,4259,4460,3537,5361,5110,5352,4243,6255,5963,6244,4953,7149,6814,7136,5658,8041,7665,8028,6365,8935,8517,8920,7076,893,851,892,707,874,844,877,696,0.96,1.86,1.14,1.67,0,30000,0,30000,-0.64,0.26,-0.46,0.07
18.04,894,857,892,711,1787,1713,1784,1420,2680,2567,2676,2127,3575,3423,3568,2838,4469,4277,4460,3543,5363,5132,5352,4251,6256,5987,6244,4960,7149,6840,7136,5666,8043,7696,8028,6376,8936,8549,8920,7082,893,854,892,708,874,847,877,697,0.96,1.86,1.14,1.67,0,30000,0,30000,-0.64,0.26,-0.46,0.07
18.12,893,858,892,704,1786,1714,1784,1409,2680,2572,2676,2116,3574,3426,3568,2819,4468,4283,4460,3527,5363,5139,5352,4231,6257,5994,6244,4936,7150,6850,7136,5643,8043,7704,8029,6346,8936,8559,8920,7054,893,855,892,705,874,848,877,694,0.96,1.87,1.14,1.67,0,30000,0,30000,-0.64,0.27,-0.46,0.07
18.21,893,855,892,701,1786,1711,1784,1410,2679,2568,2676,2116,3572,3422,3569,2819,4466,4277,4461,3523,5360,5134,5353,4229,6254,5989,6245,4934,7147,6845,7137,5640,8041,7702,8029,6345,8934,8557,8921,7047,893,855,892,704,874,848,877,693,0.96,1.87,1.14,1.66,0,30000,0,30000,-0.64,0.27,-0.46,0.06
18.29,893,856,892,710,1787,1711,1784,1418,2681,2564,2676,2123,3575,3419,3568,2832,4468,4274,4460,3541,5361,5127,5352,4245,6254,5982,6244,4953,7147,6838,7136,5662,8040,7691,8028,6366,8934,8545,8921,7071,893,854,892,707,874,847,877,696,0.96,1.86,1.14,1.67,0,30000,0,30000,-0.64,0.26,-0.46,0.07
18.37,894,856,892,712,1788,1709,1784,1420,2683,2563,2676,2128,3576,3416,3568,2838,4469,4271,4460,3548,5363,5125,5352,4258,6256,5980,6244,4969,7150,6834,7136,5678,8043,7689,8028,6390,8937,8543,8920,7098,893,854,892,709,874,847,877,698,0.96,1.86,1.14,1.68,0,30000,0,30000,-0.64,0.26,-0.46,0.08
18.46,893,857,892,709,1787,1712,1784,1414,2680,2568,2676,2119,3574,3426,3567,2827,4467,4282,4459,3530,5360,5139,5351,4236,6253,5996,6243,4943,7148,6851,7135,5646,8042,7708,8027,6355,8935,8564,8919,7061,893,856,891,706,874,849,876,695,0.96,1.87,1.14,1.67,0,30000,0,30000,-0.64,0.27,-0.46,0.07
18.54,892,857,892,708,1786,1714,1784,1414,2680,2570,2676,2121,3574,3426,3569,2827,4468,4281,4461,3533,5362,5137,5353,4239,6256,5992,6245,4944,7150,6848,7137,5650,8043,7703,8029,6353,8937,8560,8921,7059,893,856,892,705,874,849,877,694,0.96,1.87,1.14,1.67,0,30000,0,30000,-0.64,0.27,-0.46,0.07
18.62,893,855,892,704,1787,1711,1784,1409,2683,2568,2676,2117,3577,3423,3568,2821,4471,4281,4460,3529,5365,5136,5353,4232,6259,5993,6245,4941,7152,6849,7137,5645,8045,7707,8029,6353,8939,8562,8921,7056,893,856,892,705,874,849,877,694,0.96,1.87,1.14,1.67,0,30000,0,30000,-0.64,0.27,-0.46,0.07
18.71,892,855,893,705,1784,1712,1785,1413,2678,2567,2677,2117,3571,3424,3569,2827,4465,4282,4461,3535,5358,5138,5353,4240,6252,5993,6245,4945,7146,6850,7137,5653,8041,7705,8028,6357,8935,8564,8920,7065,893,856,892,706,874,849,877,695,0.96,1.87,1.14,1.67,0,30000,0,30000,-0.64,0.27,-0.46,0.07
18.79,893,859,892,711,1787,1716,1785,1418,2680,2574,2677,2126,3573,3432,3569,2836,4466,4288,4461,3541,5360,5146,5353,4251,6254,6003,6245,4958,7147,6862,7137,5669,8040,7719,8029,6375,8934,8576,8921,7082,893,857,892,708,874,850,877,697,0.96,1.87,1.14,1.67,0,30000,0,30000,-0.64,0.27,-0.46,0.07
18.87,895,857,892,708,1788,1713,1784,1414,2682,2571,2676,2123,3576,3427,3568,2828,4469,4285,4460,3538,5363,5141,5352,4244,6257,6000,6243,4956,7151,6856,7135,5661,8045,7715,8027,6372,8938,8573,8919,7078,893,857,891,707,874,850,876,696,0.96,1.87,1.14,1.67,0,30000,0,30000,-0.64,0.27,-0.46,0.07
18.96,893,858,892,703,1786,1717,1784,1410,2680,2576,2676,2114,3574,3434,3568,2817,4468,4294,4460,3524,5361,5152,5352,4229,6254,6009,6244,4931,7146,6868,7136,5638,8039,7726,8028,6344,8932,8583,8920,7046,893,858,892,704,874,851,877,693,0.96,1.87,1.14,1.66,0,30000,0,30000,-0.64,0.27,-0.46,0.06
19.04,893,861,892,707,1787,1722,1784,1415,2681,2584,2676,2127,3574,3445,3568,2835,4467,4305,4460,3541,5360,5167,5352,4249,6254,6031,6244,4957,7148,6892,7136,5661,8042,7752,8028,6366,8935,8614,8920,7075,893,861,892,707,874,854,877,696,0.96,1.88,1.14,1.67,0,30000,0,30000,-0.64,0.28,-0.46,0.07
19.12,893,854,892,704,1786,1709,1784,1411,2680,2565,2676,2120,3575,3422,3568,2830,4468,4277,4460,3535,5362,5132,5352,4243,6256,5989,6244,4951,7150,6844,7136,5657,8044,7703,8028,6366,8938,8560,8920,7072,893,856,892,707,874,849,877,696,0.96,1.87,1.14,1.67,0,30000,0,30000,-0.64,0.27,-0.46,0.07
19.21,893,855,892,708,1787,1711,1784,1416,2681,2567,2676,2125,3575,3425,3568,2838,4468,4282,4460,3550,5361,5139,5352,4260,6255,5994,6244,4966,7149,6849,7136,5673,8043,7706,8028,6385,8937,8563,8920,7095,893,856,892,709,874,849,877,698,0.96,1.87,1.14,1.68,0,30000,0,30000,-0.64,0.27,-0.46,0.08
19.29,894,856,892,705,1787,1715,1784,1411,2680,2574,2676,2120,3574,3431,3568,2825,4468,4290,4460,3534,5362,5149,5352,4243,6255,6007,6244,4947,7148,6866,7136,5656,8042,7725,8028,6363,8936,8583,8920,7068,893,858,892,706,874,851,877,695,0.96,1.87,1.14,1.67,0,30000,0,30000,-0.64,0.27,-0.46,0.07
19.37,893,862,892,708,1786,1722,1784,1412,2679,2583,2675,2119,3573,3445,3567,2827,4466,4305,4459,3532,5360,5168,5351,4240,6253,6028,6243,4945,7146,6890,7135,5653,8040,7751,8028,6359,8933,8611,8920,7065,893,861,892,706,874,854,877,695,0.96,1.88,1.14,1.67,0,30000,0,30000,-0.64,0.28,-0.46,0.07
19.46,894,859,892,708,1788,1717,1784,1413,2681,2574,2676,2117,3575,3432,3568,2824,4469,4290,4460,3529,5362,5147,5352,4233,6255,6005,6244,4939,7148,6861,7136,5641,8042,7719,8028,6349,8936,8576,8922,7052,893,857,892,705,874,850,877,694,0.96,1.87,1.14,1.67,0,30000,0,30000,-0.64,0.27,-0.46,0.07
19.54,893,859,892,703,1786,1721,1784,1411,2679,2582,2676,2118,3573,3441,3568,2822,4467,4302,4460,3530,5360,5162,5352,4236,6254,6022,6244,4940,7147,6886,7136,5648,8041,7747,8028,6354,8934,8607,8920,7058,893,860,892,705,874,853,877,694,0.96,1.88,1.14,1.67,0,30000,0,30000,-0.64,0.28,-0.46,0.07
19.62,893,861,892,707,1786,1724,1784,1414,2680,2584,2676,2116,3574,3445,3568,2820,4467,4309,4459,3526,5361,5170,5351,4228,6254,6031,6243,4931,7147,6893,7135,5638,8041,7754,8027,6342,8935,8614,8919,7045,893,861,891,704,874,854,876,693,0.96,1.88,1.14,1.66,0,30000,0,30000,-0.64,0.28,-0.46,0.06
19.71,893,863,892,703,1787,1726,1784,1407,2681,2587,2676,2106,3574,3449,3568,2807,4467,4315,4460,3510,5361,5177,5353,4211,6254,6038,6245,4910,7147,6900,7137,5614,8041,7762,8029,6317,8935,8622,8921,7015,893,862,892,701,874,855,877,690,0.96,1.88,1.14,1.66,0,30000,0,30000,-0.64,0.28,-0.46,0.06
19.79,893,862,892,704,1786,1725,1785,1409,2682,2588,2677,2114,3575,3448,3569,2815,4469,4308,4461,3517,5362,5170,5353,4222,6255,6032,6245,4928,7148,6893,7137,5632,8041,7754,8028,6335,8935,8616,8919,7041,893,861,891,704,874,854,876,693,0.96,1.88,1.14,1.66,0,30000,0,30000,-0.64,0.28,-0.46,0.06
19.87,895,857,892,707,1789,1712,1784,1411,2683,2568,2676,2114,3577,3426,3568,2821,4470,4281,4460,3524,5363,5137,5352,4227,6257,5996,6244,4934,7150,6856,7136,5640,8044,7714,8028,6341,8937,8571,8920,7045,893,857,892,704,874,850,877,693,0.96,1.87,1.14,1.66,0,30000,0,30000,-0.64,0.27,-0.46,0.06
19.96,893,857,892,706,1786,1718,1783,1414,2680,2577,2675,2123,3573,3436,3567,2831,4467,4292,4459,3535,5362,5149,5351,4242,6255,6007,6243,4948,7148,6867,7135,5657,8042,7726,8027,6365,8936,8584,8919,7072,893,858,891,707,874,851,876,696,0.96,1.87,1.14,1.67,0,30000,0,30000,-0.64,0.27,-0.46,0.07
20.04,894,859,892,700,1787,1719,1784,1402,2681,2580,2676,2105,3575,3443,3568,2810,4469,4304,4460,3515,5362,5164,5353,4216,6255,6023,6245,4919,7148,6885,7137,5625,8042,7746,8029,6330,8936,8606,8922,7032,893,860,892,703,874,853,877,692,0.96,1.88,1.14,1.66,0,30000,0,30000,-0.64,0.28,-0.46,0.06
20.12,893,860,892,704,1787,1720,1784,1407,2680,2581,2676,2113,3574,3442,3568,2819,4468,4303,4460,3523,5362,5162,5352,4224,6256,6020,6244,4927,7150,6879,7136,5631,8044,7740,8028,6339,8938,8600,8920,7045,893,860,892,704,874,853,877,693,0.96,1.88,1.14,1.66,0,30000,0,30000,-0.64,0.28,-0.46,0.06
20.21,894,861,892,707,1790,1723,1783,1419,2686,2585,2675,2128,3580,3448,3567,2839,4474,4308,4459,3548,5368,5171,5350,4258,6261,6034,6242,4968,7155,6895,7134,5675,8049,7760,8026,6386,8943,8621,8918,7091,894,862,891,709,875,855,876,698,0.96,1.88,1.14,1.68,0,30000,0,30000,-0.64,0.28,-0.46,0.08
20.29,895,860,893,704,1788,1720,1785,1409,2682,2581,2677,2118,3576,3441,3569,2823,4470,4300,4461,3527,5364,5162,5353,4234,6257,6022,6245,4936,7151,6881,7137,5639,8045,7743,8029,6346,8939,8602,8921,7049,893,860,892,704,874,853,877,693,0.96,1.88,1.14,1.66,0,30000,0,30000,-0.64,0.28,-0.46,0.06
20.37,894,863,892,700,1788,1728,1784,1406,2682,2592,2677,2106,3576,3458,3569,2807,4470,4326,4460,3510,5363,5191,5352,4210,6256,6059,6244,4914,7150,6923,7136,5613,8044,7789,8028,6317,8938,8653,8920,7015,893,865,892,701,874,858,877,690,0.96,1.89,1.14,1.66,0,30000,0,30000,-0.64,0.29,-0.46,0.06
20.46,896,858,892,708,1789,1715,1784,1413,2683,2574,2676,2122,3576,3430,3568,2825,4469,4289,4460,3533,5363,5145,5352,4238,6256,6004,6244,4947,7151,6861,7136,5651,8045,7719,8027,6360,8939,8577,8919,7065,893,857,891,706,874,850,876,695,0.96,1.87,1.14,1.67,0,30000,0,30000,-0.64,0.27,-0.46,0.07
20.54,893,858,892,704,1787,1716,1784,1407,2680,2572,2676,2108,3574,3430,3568,2812,4467,4286,4460,3513,5361,5144,5352,4218,6255,6000,6244,4919,7148,6856,7136,5621,8041,7714,8028,6326,8935,8570,8919,7027,893,857,891,702,874,850,876,691,0.96,1.87,1.14,1.66,0,30000,0,30000,-0.64,0.27,-0.46,0.06
20.62,893,856,892,705,1786,1712,1784,1410,2680,2567,2676,2110,3572,3423,3568,2814,4466,4280,4460,3520,5359,5135,5352,4219,6253,5992,6244,4923,7147,6850,7136,5627,8041,7706,8028,6328,8935,8564,8920,7032,893,856,892,703,874,849,877,692,0.96,1.87,1.14,1.66,0,30000,0,30000,-0.64,0.27,-0.46,0.06
20.71,894,853,892,703,1788,1708,1784,1410,2682,2561,2676,2114,3575,3414,3568,2818,4469,4268,4460,3526,5362,5120,5352,4229,6256,5975,6244,4937,7150,6830,7136,5643,8043,7683,8028,6346,8937,8538,8920,7053,893,853,892,705,874,846,877,694,0.96,1.86,1.14,1.67,0,30000,0,30000,-0.64,0.26,-0.46,0.07
20.79,893,863,892,704,1787,1725,1784,1407,2680,2585,2676,2108,3573,3448,3568,2813,4467,4309,4460,3513,5361,5170,5352,4217,6255,6032,6244,4921,7149,6891,7136,5621,8043,7753,8028,6324,8937,8612,8920,7024,893,861,892,702,874,854,877,691,0.96,1.88,1.14,1.66,0,30000,0,30000,-0.64,0.28,-0.46,0.06
20.87,893,861,892,704,1787,1719,1784,1403,2680,2579,2676,2107,3574,3438,3568,2806,4467,4298,4460,3510,5361,5157,5352,4211,6255,6016,6244,4912,7149,6874,7136,5615,8042,7731,8028,6315,8936,8589,8920,7018,893,858,892,701,874,851,877,690,0.96,1.87,1.14,1.66,0,30000,0,30000,-0.64,0.27,-0.46,0.06
20.96,894,861,892,702,1787,1720,1784,1404,2681,2579,2676,2104,3574,3439,3568,2807,4466,4297,4460,3507,5360,5156,5352,4210,6253,6013,6244,4909,7146,6873,7136,5613,8040,7730,8027,6313,8933,8590,8919,7016,893,859,891,701,874,852,876,690,0.96,1.87,1.14,1.66,0,30000,0,30000,-0.64,0.27,-0.46,0.06
21.04,894,858,892,709,1788,1714,1784,1415,2682,2569,2676,2118,3576,3426,3568,2825,4469,4282,4460,3528,5362,5138,5352,4232,6256,5996,6244,4939,7150,6851,7136,5642,8045,7708,8028,6348,8939,8566,8920,7055,893,856,892,705,874,849,877,694,0.96,1.87,1.14,1.67,0,30000,0,30000,-0.64,0.27,-0.46,0.07