time,A1,B1,C1,D1,A2,B2,C2,D2,A3,B3,C3,D3,A4,B4,C4,D4,A5,B5,C5,D5,A6,B6,C6,D6,A7,B7,C7,D7,A8,B8,C8,D8,A9,B9,C9,D9,A10,B10,C10,D10,Aaverage,Baverage,Caverage,Daverage,Anormalised,Bnormalised,Cnormalised,Dnormalised,OD_A,OD_B,OD_C,OD_D,DilutiontimeforA,DilutiontimeforB,DilutiontimeforC,DilutiontimeforD,ErrorA,ErrorB,ErrorC,ErrorD
0,18,0,17,0,31,4,32,9,40,18,42,29,53,24,57,38,67,25,73,46,80,30,88,53,89,37,100,66,101,44,115,77,114,50,131,84,127,56,146,87,12.00,5.00,14.00,8.00,0,0,0,0,0,0,0,0,0,0,0,0,0,0,0,0
0.12,15,2,15,4,24,15,26,28,35,21,39,39,47,26,53,49,59,26,69,59,72,33,84,69,83,37,98,79,96,42,112,86,110,47,127,95,122,56,138,109,12,5,13,10,0,0,0,2,0.00,0.00,0.00,0.00,0,0,0,0,-1.60,-1.60,-1.60,-1.60
0.20,16,0,18,1,25,8,33,11,34,21,45,35,46,25,59,45,63,25,78,46,75,31,93,56,85,37,107,69,102,37,125,69,111,51,136,91,127,51,155,91,12,5,15,9,0,0,1,1,0.00,0.00,0.00,0.00,0,0,0,0,-1.60,-1.60,-1.60,-1.60
0.29,12,6,13,9,24,11,28,17,34,19,40,30,46,23,55,38,58,28,70,47,68,33,82,61,85,33,101,62,98,41,115,71,111,46,128,78,117,60,140,93,11,6,14,9,0,1,0,1,0.00,0.00,0.00,0.00,0,0,0,0,-1.60,-1.60,-1.60,-1.60
0.37,12,6,15,9,24,12,29,18,41,12,48,20,54,19,63,27,65,25,76,38,78,31,90,48,95,31,108,49,107,37,123,57,117,43,136,68,131,44,152,73,13,4,15,7,1,0,1,0,0.00,0.00,0.00,0.00,0,0,0,0,-1.60,-1.60,-1.60,-1.60
0.45,12,6,13,9,28,6,29,16,41,12,45,25,54,19,59,36,65,25,72,47,83,25,90,47,96,30,105,55,107,34,118,64,120,38,133,72,132,44,147,81,13,4,14,8,1,0,0,0,0.00,0.00,0.00,0.00,0,0,0,0,-1.60,-1.60,-1.60,-1.60
0.54,11,7,13,11,24,13,29,19,33,20,41,28,46,24,56,28,60,31,72,35,68,39,84,48,84,39,103,49,98,46,117,59,108,50,131,68,122,55,146,78,12,5,14,7,0,0,0,0,0.00,0.00,0.00,0.00,0,0,0,0,-1.60,-1.60,-1.60,-1.60
0.62,10,8,14,10,23,12,29,19,28,26,39,39,41,31,53,48,54,35,69,51,64,49,79,68,77,54,93,76,91,60,108,83,102,69,121,94,117,72,138,97,11,7,13,9,0,2,0,1,0.00,0.00,0.00,0.00,0,0,0,0,-1.60,-1.60,-1.60,-1.60
0.70,11,15,10,22,28,15,28,23,41,19,43,30,54,25,56,39,63,30,69,49,76,30,88,51,89,35,103,61,103,39,120,66,112,47,133,81,127,47,150,85,12,4,15,8,0,0,1,0,0.00,0.00,0.00,0.00,0,0,0,0,-1.60,-1.60,-1.60,-1.60
0.79,9,15,10,19,28,15,31,19,35,23,44,33,48,27,58,40,60,32,73,51,71,41,85,67,83,45,99,76,96,51,114,86,107,57,128,95,123,63,143,103,12,6,14,10,0,1,0,2,0.00,0.00,0.00,0.00,0,0,0,0,-1.60,-1.60,-1.60,-1.60
0.87,11,5,12,12,25,9,27,18,37,15,42,28,49,22,55,38,66,22,74,40,78,30,85,60,91,34,99,69,103,40,114,78,116,46,127,88,129,51,142,98,12,5,14,9,0,0,0,1,0.00,0.00,0.00,0.00,0,0,0,0,-1.60,-1.60,-1.60,-1.60
0.95,20,0,17,4,30,11,29,19,42,16,43,28,57,21,58,36,68,27,72,46,84,28,87,52,92,42,100,69,109,42,118,70,116,55,130,87,132,58,147,91,13,5,14,9,1,0,0,1,0.00,0.00,0.00,0.00,0,0,0,0,-1.60,-1.60,-1.60,-1.60
1.04,9,15,11,20,27,15,29,22,39,21,44,31,48,34,55,49,61,39,70,57,74,47,85,66,82,55,98,81,99,56,117,84,108,62,132,95,122,66,149,96,12,6,14,9,0,1,0,1,0.00,0.00,0.00,0.00,0,0,0,0,-1.60,-1.60,-1.60,-1.60
1.12,12,5,14,9,26,10,29,20,36,19,41,35,44,24,54,45,57,29,69,54,69,39,82,64,87,39,99,65,99,46,113,75,111,50,127,84,124,55,142,93,12,5,14,9,0,0,0,1,0.00,0.00,0.00,0.00,0,0,0,0,-1.60,-1.60,-1.60,-1.60
1.20,15,5,16,8,23,12,28,23,34,16,42,34,51,16,61,36,63,21,76,45,70,34,86,66,81,39,99,75,99,39,118,75,112,45,133,86,124,51,147,95,12,5,14,9,0,0,0,1,0.00,0.00,0.00,0.00,0,0,0,0,-1.60,-1.60,-1.60,-1.60
1.29,12,7,11,21,27,7,29,21,41,13,44,28,49,25,55,47,63,30,68,55,75,36,83,65,86,41,97,76,103,44,113,86,112,49,126,95,124,55,142,103,12,5,14,10,0,0,0,2,0.00,0.00,0.00,0.00,0,0,0,0,-1.60,-1.60,-1.60,-1.60
1.37,13,6,15,8,26,11,30,17,44,14,45,25,56,28,58,44,65,32,71,55,82,38,86,63,96,43,100,74,110,49,116,83,123,54,130,94,137,61,145,105,13,6,14,10,1,1,0,2,0.00,0.00,0.00,0.00,0,0,0,0,-1.60,-1.60,-1.60,-1.60
1.45,10,4,14,11,24,10,28,20,30,23,39,39,41,28,53,50,58,29,69,57,71,44,80,74,81,49,94,84,90,62,105,97,108,62,124,98,117,76,134,119,11,7,13,11,0,2,0,3,0.00,0.00,0.00,0.01,0,0,0,0,-1.60,-1.60,-1.60,-1.59
1.54,11,7,13,9,24,13,28,18,32,19,42,30,46,25,57,40,58,30,70,52,69,34,85,61,81,40,98,72,94,45,112,86,105,51,126,94,117,56,141,104,11,5,14,10,0,0,0,2,0.00,0.00,0.00,0.00,0,0,0,0,-1.60,-1.60,-1.60,-1.60
1.62,9,8,12,13,23,15,28,23,31,26,40,44,43,32,54,53,55,39,69,63,67,45,83,74,81,52,98,84,94,57,112,94,108,61,127,104,125,61,146,104,12,6,14,10,0,1,0,2,0.00,0.00,0.00,0.00,0,0,0,0,-1.60,-1.60,-1.60,-1.60
1.70,13,6,14,10,26,11,29,17,38,17,44,24,50,23,58,47,61,28,72,57,75,33,88,65,83,42,99,81,99,42,117,82,110,49,131,93,127,49,152,96,12,4,15,9,0,0,1,1,0.00,0.00,0.00,0.00,0,0,0,0,-1.60,-1.60,-1.60,-1.60
1.79,12,6,15,8,23,13,28,18,40,13,46,22,52,18,62,33,63,24,74,44,81,24,92,45,93,31,107,54,110,31,125,56,121,42,136,72,137,45,152,77,13,4,15,7,1,0,1,0,0.00,0.00,0.00,0.00,0,0,0,0,-1.60,-1.60,-1.60,-1.60
1.87,12,5,16,11,25,10,30,21,41,13,46,28,53,17,61,37,65,28,75,48,79,28,94,52,91,34,109,74,104,39,124,82,116,45,139,92,128,49,153,92,12,4,15,9,0,0,1,1,0.00,0.00,0.00,0.00,0,0,0,0,-1.60,-1.60,-1.60,-1.60
1.95,14,3,18,4,24,13,30,17,35,16,43,27,50,21,58,35,59,30,70,52,76,31,88,55,89,38,103,65,100,42,116,74,111,48,131,86,128,48,149,88,12,4,14,8,0,0,0,0,0.00,0.00,0.00,0.00,0,0,0,0,-1.60,-1.60,-1.60,-1.60
2.04,14,4,14,9,27,9,30,21,36,22,39,43,48,27,53,53,62,34,68,60,73,40,81,69,88,41,98,74,96,56,109,91,109,60,126,92,122,74,138,110,12,7,13,11,0,2,0,3,0.00,0.00,0.00,0.01,0,0,0,0,-1.60,-1.60,-1.60,-1.59
2.12,11,8,13,14,23,11,31,19,35,17,46,28,46,27,58,44,58,32,72,50,72,37,87,59,82,45,99,71,101,46,117,72,114,52,131,93,131,52,148,93,13,5,14,9,1,0,0,1,0.00,0.00,0.00,0.00,0,0,0,0,-1.60,-1.60,-1.60,-1.60
2.20,12,6,14,9,26,11,29,18,35,24,41,42,48,30,56,50,66,31,74,54,78,38,88,63,88,45,100,77,107,45,118,84,124,45,136,87,133,58,147,105,13,5,14,10,1,0,0,2,0.00,0.00,0.00,0.00,0,0,0,0,-1.60,-1.60,-1.60,-1.60
2.29,13,5,14,10,26,9,28,19,44,9,47,21,53,18,60,38,65,22,74,47,78,27,89,56,89,32,103,67,100,35,120,75,113,43,134,86,127,46,149,96,12,4,14,9,0,0,0,1,0.00,0.00,0.00,0.00,0,0,0,0,-1.60,-1.60,-1.60,-1.60
2.37,12,6,14,10,24,13,30,18,33,26,41,35,46,31,56,43,58,37,71,52,70,43,86,60,84,49,101,68,94,54,115,77,108,59,131,88,117,65,145,98,11,6,14,9,0,1,0,1,0.00,0.00,0.00,0.00,0,0,0,0,-1.60,-1.60,-1.60,-1.60
2.45,15,0,18,1,25,10,29,16,38,16,43,26,57,16,60,26,71,22,75,34,81,29,87,49,94,34,102,56,107,40,116,65,118,44,130,75,132,50,146,84,13,5,14,8,1,0,0,0,0.00,0.00,0.00,0.00,0,0,0,0,-1.60,-1.60,-1.60,-1.60
2.54,12,3,14,9,26,8,30,18,40,15,45,28,49,23,57,41,62,28,71,49,78,31,87,56,85,44,99,79,96,49,113,90,111,49,130,94,122,63,140,115,12,6,14,11,0,1,0,3,0.00,0.00,0.00,0.01,0,0,0,0,-1.60,-1.60,-1.60,-1.59
2.62,16,0,18,3,27,10,29,18,38,15,43,27,50,20,58,35,59,36,69,54,70,40,83,63,82,46,99,71,93,52,113,83,107,59,131,93,119,64,143,106,11,6,14,10,0,1,0,2,0.00,0.00,0.00,0.00,0,0,0,0,-1.60,-1.60,-1.60,-1.60
2.70,10,14,13,20,23,20,27,29,40,20,46,30,53,22,62,38,62,28,76,48,72,37,86,65,85,42,98,76,101,43,116,78,113,49,131,88,126,52,145,96,12,5,14,9,0,0,0,1,0.00,0.00,0.00,0.00,0,0,0,0,-1.60,-1.60,-1.60,-1.60
2.79,15,0,19,1,24,12,31,22,37,17,45,29,46,21,60,38,57,30,73,52,75,30,95,53,89,36,106,73,101,41,120,82,114,47,133,104,131,47,151,106,13,4,15,10,1,0,1,2,0.00,0.00,0.00,0.00,0,0,0,0,-1.60,-1.60,-1.60,-1.60
2.87,16,0,19,1,28,6,34,12,38,16,46,25,51,22,60,35,69,22,79,36,78,28,95,46,88,37,105,64,100,42,120,73,113,48,134,83,125,54,148,92,12,5,14,9,0,0,0,1,0.00,0.00,0.00,0.00,0,0,0,0,-1.60,-1.60,-1.60,-1.60
2.95,11,5,14,6,25,11,30,14,38,18,42,36,49,25,55,47,68,25,73,47,79,30,89,56,90,41,100,71,108,41,118,74,118,54,129,87,130,59,145,96,13,5,14,9,1,0,0,1,0.00,0.00,0.00,0.00,0,0,0,0,-1.60,-1.60,-1.60,-1.60
3.04,12,8,12,13,23,14,28,22,34,28,38,42,44,35,51,51,55,40,66,59,64,50,78,72,83,50,97,74,96,56,112,82,106,62,126,92,120,69,141,101,12,6,14,10,0,1,0,2,0.00,0.00,0.00,0.00,0,0,0,0,-1.60,-1.60,-1.60,-1.60
3.12,15,4,18,0,25,17,29,20,33,23,43,30,47,24,62,31,60,29,77,41,71,34,89,54,86,34,108,55,99,40,123,65,111,46,137,75,123,52,151,85,12,5,15,8,0,0,1,0,0.00,0.00,0.00,0.00,0,0,0,0,-1.60,-1.60,-1.60,-1.60
3.20,16,4,16,8,28,11,30,29,35,25,42,49,44,37,55,64,58,42,69,72,74,45,86,77,88,50,102,87,101,59,116,97,116,59,135,99,127,74,145,116,12,7,14,11,0,2,0,3,0.00,0.00,0.00,0.01,0,0,0,0,-1.60,-1.60,-1.60,-1.59
3.29,12,8,14,8,25,10,31,13,37,16,47,22,49,23,61,34,61,28,76,44,76,28,94,50,90,34,109,60,102,41,122,74,123,42,139,78,135,49,154,88,13,4,15,8,1,0,1,0,0.00,0.00,0.00,0.00,0,0,0,0,-1.60,-1.60,-1.60,-1.60
3.37,11,6,14,9,29,6,36,10,42,11,53,17,55,18,67,26,65,28,78,44,78,32,92,54,91,36,107,59,100,50,119,83,114,56,134,92,127,64,149,103,12,6,14,10,0,1,0,2,0.00,0.00,0.00,0.00,0,0,0,0,-1.60,-1.60,-1.60,-1.60
3.45,16,0,19,3,27,7,34,14,38,15,49,31,48,27,62,46,59,32,77,56,76,33,93,60,90,39,109,71,99,47,122,84,113,52,137,91,126,58,152,100,12,5,15,10,0,0,1,2,0.00,0.00,0.00,0.00,0,0,0,0,-1.60,-1.60,-1.60,-1.60
3.54,15,5,16,9,27,16,27,22,39,22,41,31,50,27,56,40,64,33,72,50,76,39,83,72,88,44,97,82,105,46,116,82,119,52,131,91,131,58,145,101,13,5,14,10,1,0,0,2,0.00,0.00,0.00,0.00,0,0,0,0,-1.60,-1.60,-1.60,-1.60
3.62,14,7,16,11,28,13,29,18,44,13,48,22,57,20,63,31,66,32,74,52,79,38,88,63,95,41,105,70,102,53,117,95,114,59,132,105,128,65,147,115,12,6,14,11,0,1,0,3,0.00,0.00,0.00,0.01,0,0,0,0,-1.60,-1.60,-1.60,-1.59
3.70,8,13,13,19,24,18,29,23,33,32,40,44,46,36,54,52,60,42,70,62,78,44,89,66,90,51,101,87,108,51,120,89,125,51,139,89,132,60,152,103,13,6,15,10,1,1,1,2,0.00,0.00,0.00,0.00,0,0,0,0,-1.60,-1.60,-1.60,-1.60
3.79,14,4,14,8,28,10,30,18,39,19,43,32,52,24,58,42,65,30,74,52,77,35,89,61,90,40,105,69,102,48,118,85,120,48,135,88,129,58,148,105,12,5,14,10,0,0,0,2,0.00,0.00,0.00,0.00,0,0,0,0,-1.60,-1.60,-1.60,-1.60
3.87,13,0,18,1,28,6,33,12,37,19,45,29,48,24,59,38,65,27,76,43,77,33,90,62,91,39,104,72,103,43,120,79,113,50,134,90,127,55,150,96,12,5,15,9,0,0,1,1,0.00,0.00,0.00,0.00,0,0,0,0,-1.60,-1.60,-1.60,-1.60
3.95,15,6,14,9,29,12,29,20,38,17,43,30,51,23,58,37,62,31,69,43,78,34,86,50,89,41,99,60,105,45,116,67,120,52,130,77,133,58,145,88,13,5,14,8,1,0,0,0,0.00,0.00,0.00,0.00,0,0,0,0,-1.60,-1.60,-1.60,-1.60
4.04,17,0,19,0,27,9,31,16,38,14,46,27,49,19,62,35,60,28,75,45,76,30,93,48,85,43,105,66,102,43,122,71,112,51,136,83,126,56,152,92,12,5,15,9,0,0,1,1,0.00,0.00,0.00,0.00,0,0,0,0,-1.60,-1.60,-1.60,-1.60
4.12,13,6,16,10,26,11,31,19,39,16,47,28,49,25,60,42,67,25,80,42,80,38,93,64,94,41,111,69,104,48,124,80,118,54,140,91,130,59,155,100,13,5,15,10,1,0,1,2,0.00,0.00,0.00,0.00,0,0,0,0,-1.60,-1.60,-1.60,-1.60
4.20,12,5,15,1,22,18,26,27,35,23,41,35,52,26,57,37,64,44,69,59,77,48,84,69,92,55,100,78,104,61,115,86,117,65,131,95,130,70,146,104,13,7,14,10,1,2,0,2,0.00,0.00,0.00,0.00,0,0,0,0,-1.60,-1.60,-1.60,-1.60
4.29,17,1,19,4,32,6,33,15,50,6,52,15,65,13,68,25,78,19,83,34,93,25,98,42,105,31,113,51,116,38,129,61,132,43,148,67,144,49,163,78,14,4,16,7,2,0,2,0,0.00,0.00,0.00,0.00,0,0,0,0,-1.60,-1.60,-1.60,-1.60
4.37,9,6,15,10,25,12,30,20,36,25,42,37,48,30,58,47,62,36,74,57,74,41,89,63,91,41,107,66,99,53,120,87,117,53,139,89,127,66,151,108,12,6,15,10,0,1,1,2,0.00,0.00,0.00,0.00,0,0,0,0,-1.60,-1.60,-1.60,-1.60
4.45,10,8,13,14,27,12,30,18,40,19,45,28,51,28,58,42,65,33,74,50,77,40,90,58,88,48,104,70,105,48,125,72,118,55,141,82,130,60,156,92,13,6,15,9,1,1,1,1,0.00,0.00,0.00,0.00,0,0,0,0,-1.60,-1.60,-1.60,-1.60
4.54,9,13,13,20,26,14,32,21,38,20,48,32,49,31,60,45,63,36,76,46,77,41,92,56,91,45,112,57,99,59,124,80,118,59,146,81,128,73,159,103,12,7,15,10,0,2,1,2,0.00,0.00,0.00,0.00,0,0,0,0,-1.60,-1.60,-1.60,-1.60
4.62,16,2,19,0,30,17,33,19,42,23,48,30,55,24,68,30,65,29,85,40,79,39,98,55,96,40,117,55,109,47,134,66,122,51,150,75,136,58,165,86,13,5,16,8,1,0,2,0,0.00,0.00,0.00,0.00,0,0,0,0,-1.60,-1.60,-1.60,-1.60
4.70,9,10,13,13,25,14,30,22,39,21,46,33,52,29,61,43,67,30,79,48,79,45,91,70,93,50,107,79,106,56,124,89,119,61,140,97,134,68,156,106,13,6,15,10,1,1,1,2,0.00,0.00,0.00,0.00,0,0,0,0,-1.60,-1.60,-1.60,-1.60
4.79,13,6,15,10,28,13,32,20,40,20,46,32,54,24,62,38,68,31,79,48,80,37,95,59,96,39,113,65,106,49,127,80,122,50,146,87,134,58,162,97,13,5,16,9,1,0,2,1,0.00,0.00,0.00,0.00,0,0,0,0,-1.60,-1.60,-1.60,-1.60
4.87,15,2,20,5,26,12,34,19,39,18,49,27,55,22,67,35,64,34,80,58,78,41,96,68,94,47,113,77,106,55,127,92,126,60,144,101,140,65,160,110,14,6,16,11,2,1,2,3,0.00,0.00,0.00,0.01,0,0,0,0,-1.60,-1.60,-1.60,-1.59
4.95,15,6,17,10,27,13,32,22,41,19,47,33,59,21,67,33,74,28,84,43,84,39,99,63,98,45,115,72,112,50,131,80,124,53,147,90,137,58,165,99,13,5,16,9,1,0,2,1,0.00,0.00,0.00,0.00,0,0,0,0,-1.60,-1.60,-1.60,-1.60
5.04,18,1,20,1,31,6,36,11,41,17,49,29,51,24,64,40,68,26,83,46,82,33,99,56,93,39,116,67,109,39,135,69,119,52,148,91,138,52,168,93,13,5,16,9,1,0,2,1,0.00,0.00,0.00,0.00,0,0,0,0,-1.60,-1.60,-1.60,-1.60
5.12,11,10,14,13,27,14,33,17,42,20,51,26,53,27,68,37,63,35,84,51,76,41,101,61,92,43,119,68,104,57,133,95,119,63,149,104,129,70,167,115,12,7,16,11,0,2,2,3,0.00,0.00,0.00,0.01,0,0,0,0,-1.60,-1.60,-1.60,-1.59
5.20,12,8,14,12,27,15,33,22,40,23,49,32,57,24,70,35,68,37,84,55,91,38,106,56,104,47,120,68,118,53,139,74,130,58,156,84,146,62,175,93,14,6,17,9,2,1,3,1,0.00,0.00,0.00,0.00,0,0,0,0,-1.60,-1.60,-1.60,-1.60
5.29,14,7,19,8,28,14,36,18,43,19,53,26,57,23,72,35,67,38,87,57,80,44,104,66,91,56,119,86,107,56,139,89,121,65,153,110,139,65,174,117,13,6,17,11,1,1,3,3,0.00,0.00,0.00,0.01,0,0,0,0,-1.60,-1.60,-1.60,-1.59
5.37,16,5,19,13,26,13,35,27,36,20,53,38,54,22,73,44,68,30,92,53,79,37,109,63,96,43,129,68,106,57,143,84,121,64,162,94,133,71,180,105,13,7,18,10,1,2,4,2,0.00,0.00,0.01,0.00,0,0,0,0,-1.60,-1.60,-1.59,-1.60
5.45,15,7,18,11,29,13,36,19,47,13,58,22,60,19,78,26,76,26,97,37,88,33,113,49,102,33,136,49,116,40,154,59,129,47,172,68,146,53,191,76,14,5,19,7,2,0,5,0,0.00,0.00,0.01,0.00,0,0,0,0,-1.60,-1.60,-1.59,-1.60
5.54,15,7,19,11,29,13,37,22,46,17,58,30,61,23,77,41,75,29,92,54,94,30,114,55,109,38,133,67,123,44,152,76,137,52,171,87,153,58,189,94,15,5,18,9,3,0,4,1,0.00,0.00,0.01,0.00,0,0,0,0,-1.60,-1.60,-1.59,-1.60
5.62,19,0,24,2,30,14,41,22,44,21,59,32,62,23,80,36,79,31,99,47,93,38,117,57,109,44,138,66,123,50,157,78,140,57,177,89,154,64,195,100,15,6,19,10,3,1,5,2,0.00,0.00,0.01,0.00,0,0,0,0,-1.60,-1.60,-1.59,-1.60
5.70,19,2,22,3,32,16,39,26,46,23,58,37,64,25,80,41,80,32,100,53,94,39,119,64,110,46,140,73,126,53,159,84,143,61,179,95,157,68,199,103,15,6,19,10,3,1,5,2,0.00,0.00,0.01,0.00,0,0,0,0,-1.60,-1.60,-1.59,-1.60
5.79,19,3,23,6,33,11,41,18,52,14,64,22,63,30,81,44,78,34,101,54,93,48,119,77,113,52,142,79,126,62,160,89,138,76,179,107,154,81,200,117,15,8,20,11,3,3,6,3,0.00,0.01,0.01,0.01,0,0,0,0,-1.60,-1.59,-1.59,-1.59
5.87,16,7,20,12,34,15,41,25,49,20,61,36,66,28,83,43,82,35,103,53,98,42,124,65,120,43,148,67,139,51,168,79,155,60,189,89,175,63,211,94,17,6,21,9,5,1,7,1,0.01,0.00,0.01,0.00,0,0,0,0,-1.59,-1.60,-1.59,-1.60
5.95,17,8,23,12,32,13,44,25,48,20,66,35,61,31,85,49,81,34,109,54,95,45,128,73,116,50,154,78,130,59,174,92,147,67,196,100,165,73,221,108,16,7,22,10,4,2,8,2,0.00,0.00,0.01,0.00,0,0,0,0,-1.60,-1.60,-1.59,-1.60
6.04,19,4,25,7,33,13,45,21,54,15,71,24,72,24,94,52,89,31,115,63,105,38,138,75,129,42,163,78,143,53,184,94,160,61,208,104,175,63,233,109,17,6,23,10,5,1,9,2,0.01,0.00,0.01,0.00,0,0,0,0,-1.59,-1.60,-1.59,-1.60
6.12,14,10,20,15,34,18,44,25,48,31,66,54,65,39,88,67,85,43,112,70,99,58,133,95,117,65,157,107,131,81,178,131,152,86,204,136,166,97,225,152,16,9,22,15,4,4,8,7,0.00,0.01,0.01,0.02,0,0,0,0,-1.60,-1.59,-1.59,-1.58
6.20,18,9,24,13,37,16,47,15,55,23,72,28,72,32,96,41,88,40,118,56,109,43,145,63,123,57,166,84,142,65,191,95,158,74,213,108,178,82,238,119,17,8,23,11,5,3,9,3,0.01,0.01,0.01,0.01,0,0,0,0,-1.59,-1.59,-1.59,-1.59
6.29,20,7,27,9,34,21,49,27,51,30,73,39,74,34,101,42,93,43,126,54,109,51,149,62,130,58,176,72,143,71,199,90,169,74,228,94,183,90,251,117,18,9,25,11,6,4,11,3,0.01,0.01,0.01,0.01,0,0,0,0,-1.59,-1.59,-1.59,-1.59
6.37,18,8,26,13,36,24,49,37,54,32,74,50,74,37,102,58,90,49,125,79,113,53,154,86,129,64,177,101,148,73,205,113,168,82,230,126,182,98,253,149,18,9,25,14,6,4,11,6,0.01,0.01,0.01,0.01,0,0,0,0,-1.59,-1.59,-1.59,-1.59
6.45,15,10,26,13,31,26,50,34,50,35,76,46,66,44,104,59,83,53,130,71,103,62,158,83,123,71,185,88,139,82,210,109,159,91,238,121,179,99,265,134,17,9,26,13,5,4,12,5,0.01,0.01,0.02,0.01,0,0,0,0,-1.59,-1.59,-1.58,-1.59
6.54,24,4,31,11,43,14,59,25,63,23,89,36,83,33,116,51,105,43,145,65,129,46,176,75,149,56,203,89,167,73,230,112,189,82,260,125,212,88,292,133,21,8,29,13,9,3,15,5,0.01,0.01,0.02,0.01,0,0,0,0,-1.59,-1.59,-1.58,-1.59
6.62,23,11,29,13,46,19,61,23,66,33,88,44,90,37,120,50,106,51,146,72,132,59,178,80,154,69,206,95,176,78,236,110,200,83,268,117,221,92,297,130,22,9,29,13,10,4,15,5,0.01,0.01,0.02,0.01,0,0,0,0,-1.59,-1.59,-1.58,-1.59
6.70,22,9,31,15,45,20,63,30,63,31,93,46,87,36,128,54,109,47,160,69,129,57,191,84,152,68,223,98,174,77,254,113,197,88,286,128,228,93,320,134,22,9,32,13,10,4,18,5,0.01,0.01,0.02,0.01,0,0,0,0,-1.59,-1.59,-1.58,-1.59
6.79,17,17,30,26,38,26,65,37,57,42,96,61,81,53,129,75,106,64,163,90,130,75,196,105,151,91,227,129,175,102,261,146,197,112,296,158,219,123,329,174,21,12,32,17,9,7,18,9,0.01,0.02,0.02,0.02,0,0,0,0,-1.59,-1.58,-1.58,-1.58
6.87,25,13,34,17,50,22,69,33,74,34,105,49,97,47,139,66,121,58,174,82,146,70,210,98,170,83,244,115,195,93,281,128,215,111,314,148,241,121,351,161,24,12,35,16,12,7,21,8,0.01,0.02,0.03,0.02,0,0,0,0,-1.59,-1.58,-1.57,-1.58
6.95,24,17,34,23,51,25,74,34,77,36,112,49,100,51,147,71,131,58,187,81,155,75,221,108,184,82,261,115,206,105,296,140,234,115,336,149,260,129,373,167,26,12,37,16,14,7,23,8,0.02,0.02,0.03,0.02,0,0,0,0,-1.58,-1.58,-1.57,-1.58
7.04,23,19,38,22,51,30,79,40,76,49,117,66,105,55,160,77,131,74,198,100,160,86,239,115,185,99,278,134,213,113,318,164,242,122,360,178,270,134,400,197,27,13,40,19,15,8,26,11,0.02,0.02,0.03,0.03,0,0,0,0,-1.58,-1.58,-1.57,-1.57
7.12,27,16,42,26,56,30,86,44,84,42,128,63,115,55,173,82,144,69,216,101,170,87,258,124,201,100,302,141,234,111,346,155,259,122,389,174,287,137,430,200,28,13,43,20,16,8,29,12,0.02,0.02,0.04,0.03,0,0,0,0,-1.58,-1.58,-1.56,-1.57
7.20,25,20,43,26,57,34,90,45,84,52,133,71,123,61,180,81,152,76,224,102,184,90,270,123,215,99,319,138,245,114,363,158,276,131,409,185,313,145,455,203,31,14,45,20,19,9,31,12,0.02,0.02,0.04,0.03,0,0,0,0,-1.58,-1.58,-1.56,-1.57
7.29,32,21,45,29,68,36,93,49,100,53,139,71,131,75,184,99,166,89,234,118,201,104,282,134,234,119,328,155,264,135,375,176,296,154,420,202,329,174,465,231,32,17,46,23,20,12,32,15,0.02,0.03,0.04,0.04,0,0,0,0,-1.58,-1.57,-1.56,-1.56
7.37,34,17,49,23,67,36,97,49,103,48,149,66,138,66,198,90,175,82,248,115,213,94,300,135,249,106,352,152,283,123,401,173,319,140,451,196,355,155,500,220,35,15,50,22,23,10,36,14,0.03,0.02,0.05,0.03,0,0,0,0,-1.57,-1.58,-1.55,-1.57
7.45,39,17,54,17,74,37,103,40,114,50,158,58,149,73,207,86,188,87,262,104,223,106,313,131,261,124,366,152,300,139,420,171,336,159,471,194,373,180,521,220,37,18,52,22,25,13,38,14,0.03,0.03,0.05,0.03,0,0,0,0,-1.57,-1.57,-1.55,-1.57
7.54,43,19,57,23,87,34,115,42,126,59,168,71,169,76,223,91,209,96,278,115,247,119,332,146,292,138,388,169,335,157,445,189,376,176,502,211,420,191,560,231,42,19,56,23,30,14,42,15,0.03,0.03,0.05,0.04,0,0,0,0,-1.57,-1.57,-1.55,-1.56
7.62,42,22,57,27,85,47,115,61,129,61,176,81,170,86,234,106,214,107,294,128,260,126,356,151,305,142,417,170,348,163,475,196,389,185,532,223,431,210,590,255,43,21,59,25,31,16,45,17,0.03,0.04,0.06,0.04,0,0,0,0,-1.57,-1.56,-1.54,-1.56
7.70,47,21,63,33,95,40,128,55,141,63,191,89,186,81,255,111,230,108,314,142,278,128,378,168,324,150,442,194,369,174,503,225,415,196,567,250,463,214,631,269,46,21,63,26,34,16,49,18,0.04,0.04,0.06,0.04,0,0,0,0,-1.56,-1.56,-1.54,-1.56
7.79,48,23,65,27,98,42,131,48,146,64,197,75,192,87,262,103,239,114,327,137,288,136,395,161,334,160,460,189,380,188,523,230,429,211,590,257,477,233,655,285,47,23,65,28,35,18,51,20,0.04,0.04,0.07,0.05,0,0,0,0,-1.56,-1.56,-1.53,-1.55
7.87,50,28,68,35,101,50,141,68,149,75,209,99,200,98,279,128,252,118,350,153,301,143,418,184,348,171,486,220,398,194,557,249,451,214,628,273,501,238,696,302,50,23,69,30,38,18,55,22,0.04,0.04,0.07,0.05,0,0,0,0,-1.56,-1.56,-1.53,-1.55
7.95,53,21,73,25,107,46,146,57,158,72,218,88,209,101,288,123,262,132,358,163,316,160,431,200,370,186,505,231,423,210,579,261,476,234,653,289,530,258,727,318,53,25,72,31,41,20,58,23,0.05,0.04,0.08,0.06,0,0,0,0,-1.55,-1.56,-1.52,-1.54
8.04,60,24,81,27,117,52,158,61,179,79,238,94,240,100,317,120,298,129,394,154,352,159,471,192,412,186,550,223,472,211,629,254,530,238,709,282,588,266,786,317,58,26,78,31,46,21,64,23,0.05,0.05,0.08,0.06,0,0,0,0,-1.55,-1.55,-1.52,-1.54
8.12,57,30,83,37,119,57,169,70,180,86,251,107,242,114,336,141,303,141,422,173,362,169,506,209,425,197,591,244,488,222,679,278,547,252,762,313,609,280,848,345,60,28,84,34,48,23,70,26,0.05,0.05,0.09,0.06,0,0,0,0,-1.55,-1.55,-1.51,-1.54
8.20,66,30,91,37,132,57,183,69,194,91,270,110,259,122,362,145,326,151,454,178,387,183,542,216,450,217,629,259,516,246,720,295,582,272,813,326,646,303,902,363,64,30,90,36,52,25,76,28,0.06,0.05,0.10,0.07,0,0,0,0,-1.54,-1.55,-1.50,-1.53
8.29,67,32,99,34,133,68,195,80,203,97,294,117,271,131,390,160,342,163,488,200,412,192,587,237,480,225,684,278,548,260,781,324,619,292,880,364,690,321,980,397,69,32,98,39,57,27,84,31,0.06,0.06,0.11,0.07,0,0,0,0,-1.54,-1.54,-1.49,-1.53
8.37,71,36,105,47,144,69,214,87,215,106,319,135,289,139,427,177,360,171,533,221,429,211,638,270,503,243,747,310,574,277,852,356,647,310,959,399,721,340,1066,439,72,34,106,43,60,29,92,35,0.07,0.06,0.12,0.08,0,0,0,0,-1.53,-1.54,-1.48,-1.52
8.45,73,38,115,48,147,78,233,100,223,112,352,144,295,150,469,193,367,190,584,245,442,224,702,291,519,258,822,335,592,294,939,383,665,332,1055,433,737,372,1173,486,73,37,117,48,61,32,103,40,0.07,0.07,0.13,0.10,0,0,0,0,-1.53,-1.53,-1.47,-1.50
8.54,82,35,131,50,162,69,261,96,241,109,388,152,321,145,518,204,403,180,650,252,483,218,779,305,561,257,906,360,642,294,1036,412,724,330,1166,462,805,365,1297,510,80,36,129,51,68,31,115,43,0.07,0.07,0.15,0.10,0,0,0,0,-1.53,-1.53,-1.45,-1.50
8.62,87,42,131,58,173,86,262,117,262,125,396,169,350,164,528,222,438,207,658,279,527,247,791,335,614,286,928,387,703,328,1059,444,791,371,1191,502,877,414,1322,560,87,41,132,56,75,36,118,48,0.08,0.08,0.15,0.12,0,0,0,0,-1.52,-1.52,-1.45,-1.48
8.70,91,39,144,60,182,79,288,118,271,122,430,179,358,167,571,243,447,213,713,310,538,254,856,369,629,294,1000,426,720,334,1144,484,808,376,1286,546,895,419,1428,608,89,41,142,60,77,36,128,52,0.08,0.08,0.17,0.12,0,0,0,0,-1.52,-1.52,-1.43,-1.48
8.79,91,47,155,70,180,96,310,141,273,144,465,211,366,189,622,277,461,232,780,341,556,276,938,404,649,319,1096,468,742,363,1254,530,833,407,1412,595,926,450,1570,659,92,45,157,65,80,40,143,57,0.09,0.09,0.19,0.14,0,0,0,0,-1.51,-1.51,-1.41,-1.46
8.87,101,51,173,74,203,103,345,151,307,151,519,224,413,198,694,294,517,244,867,364,618,295,1039,440,719,347,1211,516,822,400,1382,593,926,450,1555,668,1030,498,1729,741,103,49,172,74,91,44,158,66,0.10,0.10,0.21,0.16,0,0,0,0,-1.50,-1.50,-1.39,-1.44
8.95,116,49,188,74,227,102,372,155,340,154,558,234,454,204,744,311,566,259,927,395,682,310,1114,472,796,362,1299,549,905,417,1482,632,1019,467,1668,710,1135,518,1855,788,113,51,185,78,101,46,171,70,0.11,0.10,0.22,0.17,0,0,0,0,-1.49,-1.50,-1.38,-1.43
9.04,119,60,197,90,241,118,394,178,366,171,594,256,486,229,792,343,606,288,990,432,729,341,1190,511,851,396,1389,597,972,454,1586,685,1092,514,1783,774,1218,578,1981,861,121,57,198,86,109,52,184,78,0.12,0.11,0.24,0.19,0,0,0,0,-1.48,-1.49,-1.36,-1.41
9.12,130,59,222,93,259,118,442,187,386,181,660,286,514,245,879,387,644,307,1100,482,774,367,1322,577,906,426,1546,671,1037,484,1769,765,1169,542,1994,859,1301,602,2219,952,130,60,221,95,118,55,207,87,0.13,0.12,0.27,0.21,0,0,0,0,-1.47,-1.48,-1.33,-1.39
9.20,143,69,242,106,282,145,482,216,424,213,725,321,566,279,969,425,709,344,1214,528,852,409,1460,630,994,475,1704,730,1136,542,1948,833,1279,606,2193,935,1422,671,2437,1039,142,67,243,103,130,62,229,95,0.14,0.14,0.30,0.23,0,0,0,0,-1.46,-1.46,-1.30,-1.37
9.29,153,71,270,112,306,144,539,226,461,215,809,339,616,285,1080,452,771,355,1350,565,926,426,1621,678,1080,495,1892,791,1234,566,2163,904,1388,638,2433,1019,1540,713,2702,1138,154,71,270,113,142,66,256,105,0.16,0.15,0.33,0.25,0,0,0,0,-1.44,-1.45,-1.27,-1.35
9.37,168,82,296,128,335,165,591,259,503,244,889,387,674,322,1188,511,845,399,1487,635,1015,475,1787,758,1184,553,2087,882,1354,631,2387,1006,1523,712,2685,1135,1689,795,2982,1264,168,79,298,126,156,74,284,118,0.17,0.16,0.37,0.28,0,0,0,0,-1.43,-1.44,-1.23,-1.32
9.45,186,85,314,139,372,170,629,278,561,255,945,417,751,336,1263,551,943,416,1582,683,1132,497,1899,818,1319,580,2216,955,1507,662,2533,1089,1697,742,2852,1220,1888,822,3171,1351,188,82,317,135,176,77,303,127,0.19,0.17,0.39,0.30,0,0,0,0,-1.41,-1.43,-1.21,-1.30
9.54,193,95,332,147,388,190,664,294,581,284,996,445,778,377,1330,592,974,469,1665,737,1171,561,2000,881,1368,653,2336,1025,1564,748,2670,1174,1758,844,3003,1323,1953,941,3335,1471,195,94,333,147,183,89,319,139,0.20,0.20,0.41,0.33,0,0,0,0,-1.40,-1.40,-1.19,-1.27
9.62,217,104,354,154,432,210,705,316,650,314,1060,472,868,418,1413,630,1084,523,1766,788,1298,630,2118,946,1513,737,2471,1104,1728,843,2825,1262,1946,944,3181,1414,2163,1047,3537,1568,216,104,353,156,204,99,339,148,0.22,0.22,0.44,0.36,0,0,0,0,-1.38,-1.38,-1.16,-1.24
9.70,229,117,375,171,456,232,750,340,687,349,1125,513,919,464,1501,683,1151,577,1878,850,1384,691,2255,1017,1614,808,2631,1190,1844,925,3005,1360,2075,1040,3381,1530,2309,1151,3759,1696,230,115,375,169,218,110,361,161,0.24,0.24,0.47,0.39,0,0,0,0,-1.36,-1.36,-1.13,-1.21
9.79,261,122,397,183,520,245,794,366,779,370,1191,550,1039,494,1589,734,1301,614,1990,910,1565,734,2391,1090,1828,858,2790,1272,2090,983,3188,1455,2353,1103,3590,1632,2615,1225,3992,1813,261,122,399,181,249,117,385,173,0.27,0.26,0.50,0.42,0,0,0,0,-1.33,-1.34,-1.10,-1.18
9.87,298,128,428,191,593,257,855,383,890,384,1282,574,1183,515,1708,769,1477,647,2134,967,1770,783,2559,1166,2064,915,2984,1364,2357,1048,3409,1562,2650,1181,3835,1758,2944,1313,4262,1954,294,131,426,195,282,126,412,187,0.31,0.28,0.54,0.45,0,0,0,0,-1.29,-1.32,-1.06,-1.15
9.95,320,147,449,211,635,295,897,423,956,442,1346,634,1274,586,1796,842,1592,730,2245,1051,1907,879,2693,1265,2223,1026,3141,1478,2540,1172,3589,1687,2862,1314,4040,1892,3181,1458,4490,2099,318,145,449,209,306,140,435,201,0.34,0.31,0.57,0.48,0,0,0,0,-1.26,-1.29,-1.03,-1.12
10.04,340,154,482,223,679,311,963,449,1019,464,1446,672,1360,617,1930,894,1702,770,2414,1117,2043,924,2897,1339,2383,1083,3379,1566,2721,1241,3861,1794,3060,1396,4344,2018,3401,1549,4829,2243,340,154,482,224,328,149,468,216,0.36,0.33,0.61,0.52,0,0,0,0,-1.24,-1.27,-0.99,-1.08
10.12,387,176,511,245,774,352,1022,488,1161,528,1533,730,1546,702,2045,970,1933,874,2558,1204,2322,1047,3072,1442,2707,1223,3582,1686,3095,1395,4094,1924,3485,1567,4606,2163,3871,1745,5115,2407,387,174,511,240,375,169,497,232,0.41,0.37,0.65,0.56,0,0,0,0,-1.19,-1.23,-0.95,-1.04
10.20,413,193,526,256,827,382,1053,508,1240,575,1579,766,1652,769,2104,1024,2064,963,2630,1283,2478,1156,3157,1540,2891,1346,3686,1795,3306,1534,4215,2047,3721,1723,4745,2301,4135,1912,5274,2556,413,191,527,255,401,186,513,247,0.44,0.41,0.67,0.59,0,0,0,0,-1.16,-1.19,-0.93,-1.01
10.29,418,206,564,268,837,411,1128,537,1254,619,1691,809,1670,828,2254,1085,2089,1033,2820,1354,2507,1240,3385,1625,2924,1447,3950,1898,3339,1657,4514,2174,3754,1867,5078,2449,4169,2077,5642,2724,416,207,564,272,404,202,550,264,0.44,0.44,0.71,0.63,0,0,0,0,-1.16,-1.16,-0.89,-0.97
10.37,448,214,590,291,896,428,1180,582,1344,643,1770,873,1790,861,2359,1169,2235,1079,2948,1463,2683,1294,3538,1755,3131,1510,4128,2047,3578,1727,4718,2341,4025,1949,5306,2639,4470,2171,5893,2938,447,217,589,293,435,212,575,285,0.48,0.47,0.75,0.68,0,0,0,0,-1.12,-1.13,-0.85,-0.92
10.45,469,234,621,306,939,469,1242,616,1409,702,1863,923,1878,941,2483,1236,2347,1178,3103,1550,2818,1414,3724,1862,3290,1648,4346,2171,3763,1882,4969,2486,4236,2117,5592,2797,4708,2354,6215,3110,470,235,621,311,458,230,607,303,0.50,0.51,0.79,0.73,0,0,0,0,-1.10,-1.09,-0.81,-0.87
10.54,499,250,647,324,998,500,1294,649,1497,749,1942,972,1996,999,2590,1295,2495,1249,3238,1619,2995,1497,3886,1943,3495,1749,4534,2268,3995,2003,5181,2595,4492,2260,5826,2927,4991,2515,6471,3256,499,251,647,325,487,246,633,317,0.54,0.54,0.82,0.76,0,0,0,0,-1.06,-1.06,-0.78,-0.84
10.62,524,273,671,353,1048,544,1344,698,1574,810,2017,1040,2100,1075,2692,1382,2624,1345,3365,1730,3149,1615,4037,2077,3677,1881,4712,2420,4205,2150,5386,2765,4731,2420,6059,3112,5260,2686,6735,3452,526,268,673,345,514,263,659,337,0.57,0.58,0.86,0.81,0,0,0,0,-1.03,-1.02,-0.74,-0.79
10.70,548,282,699,366,1097,564,1398,731,1649,844,2099,1091,2201,1123,2800,1451,2753,1403,3502,1812,3305,1684,4203,2171,3859,1966,4904,2531,4412,2248,5605,2891,4966,2529,6306,3251,5521,2812,7007,3612,552,281,700,361,540,276,686,353,0.59,0.61,0.89,0.85,0,0,0,0,-1.01,-0.99,-0.71,-0.75
10.79,594,308,742,381,1189,618,1484,764,1784,930,2225,1148,2377,1245,2964,1535,2970,1559,3704,1921,3566,1866,4446,2302,4161,2177,5187,2687,4754,2492,5926,3073,5351,2803,6667,3454,5948,3115,7407,3837,594,311,740,383,582,306,726,375,0.64,0.67,0.94,0.90,0,0,0,0,-0.96,-0.93,-0.66,-0.70
10.87,634,336,764,400,1263,676,1526,806,1893,1019,2288,1213,2524,1356,3052,1614,3157,1693,3816,2015,3788,2035,4578,2420,4419,2373,5341,2821,5050,2715,6104,3227,5680,3055,6867,3631,6312,3396,7632,4028,631,339,763,402,619,334,749,394,0.68,0.73,0.97,0.95,0,0,0,0,-0.92,-0.87,-0.63,-0.65
10.95,662,347,786,416,1326,691,1574,829,1990,1035,2362,1243,2653,1380,3149,1658,3312,1732,3935,2077,3971,2082,4720,2496,4631,2430,5504,2912,5294,2774,6291,3321,5954,3119,7077,3735,6612,3469,7860,4154,661,346,786,415,649,341,772,407,0.71,0.75,1.00,0.98,0,0,0,0,-0.89,-0.85,-0.60,-0.62
11.04,690,360,806,431,1381,718,1612,861,2072,1076,2418,1290,2763,1436,3224,1721,3453,1804,4028,2155,4143,2167,4832,2592,4835,2529,5638,3024,5529,2889,6445,3454,6223,3250,7252,3885,6914,3615,8057,4322,691,361,805,432,679,356,791,424,0.75,0.78,1.03,1.02,0,0,0,0,-0.85,-0.82,-0.57,-0.58
11.12,728,390,831,453,1456,780,1662,908,2184,1171,2493,1362,2910,1565,3322,1822,3635,1961,4151,2281,4363,2354,4982,2735,5092,2744,5813,3190,5821,3137,6643,3647,6549,3532,7472,4107,7277,3926,8302,4564,727,392,830,456,715,387,816,448,0.79,0.85,1.06,1.08,0,0,0,0,-0.81,-0.75,-0.54,-0.52
11.20,748,423,856,475,1499,842,1715,944,2250,1261,2574,1413,3002,1681,3434,1883,3753,2103,4292,2357,4503,2529,5150,2833,5252,2953,6009,3306,6002,3374,6869,3776,6753,3796,7729,4247,7504,4218,8589,4716,750,421,858,471,738,416,844,463,0.81,0.92,1.10,1.11,0,0,0,0,-0.79,-0.68,-0.50,-0.49
11.29,791,442,874,491,1583,881,1749,978,2375,1321,2624,1465,3168,1761,3499,1952,3960,2202,4373,2441,4750,2647,5246,2934,5541,3091,6120,3427,6332,3533,6994,3918,7123,3973,7869,4405,7916,4415,8744,4896,791,441,874,489,779,436,860,481,0.86,0.96,1.12,1.15,0,0,0,0,-0.74,-0.64,-0.48,-0.45
11.37,817,459,877,501,1634,917,1754,1003,2452,1376,2632,1504,3269,1837,3509,2008,4086,2300,4385,2512,4905,2764,5262,3017,5721,3226,6139,3522,6538,3687,7016,4024,7355,4147,7894,4526,8174,4605,8773,5024,817,460,877,502,805,455,863,494,0.89,1.00,1.12,1.19,0,0,0,0,-0.71,-0.60,-0.48,-0.41
11.45,847,482,880,517,1696,963,1761,1032,2544,1443,2642,1547,3393,1924,3523,2059,4241,2400,4405,2569,5091,2877,5287,3080,5940,3358,6167,3595,6788,3839,7048,4111,7636,4318,7929,4623,8485,4794,8810,5133,848,479,881,513,836,474,867,505,0.92,1.04,1.13,1.21,0,0,0,0,-0.68,-0.56,-0.47,-0.39
11.54,871,493,882,530,1739,990,1765,1061,2609,1485,2649,1588,3480,1978,3531,2115,4349,2476,4414,2647,5219,2971,5297,3174,6089,3466,6180,3700,6958,3965,7062,4233,7827,4463,7946,4758,8697,4960,8828,5284,869,496,882,528,857,491,868,520,0.94,1.08,1.13,1.25,0,0,0,0,-0.66,-0.52,-0.47,-0.35
11.62,877,532,884,544,1755,1065,1768,1087,2634,1594,2652,1625,3511,2127,3536,2169,4390,2659,4420,2712,5269,3190,5304,3250,6147,3723,6187,3793,7025,4254,7071,4332,7904,4785,7955,4871,8781,5319,8839,5414,878,531,883,541,866,526,869,533,0.95,1.16,1.13,1.28,0,0,0,0,-0.65,-0.44,-0.47,-0.32
11.70,881,543,885,551,1762,1088,1769,1104,2644,1636,2653,1660,3526,2182,3538,2214,4409,2725,4423,2762,5290,3267,5308,3312,6172,3812,6192,3865,7052,4358,7076,4420,7933,4903,7961,4974,8816,5444,8846,5523,881,544,884,552,869,539,870,544,0.96,1.19,1.13,1.31,0,0,0,0,-0.64,-0.41,-0.47,-0.29
11.79,883,561,885,559,1766,1125,1770,1123,2650,1689,2655,1686,3534,2251,3541,2243,4417,2813,4426,2804,5299,3379,5311,3368,6183,3944,6196,3930,7067,4505,7082,4487,7951,5067,7967,5045,8834,5632,8852,5609,883,563,885,560,871,558,871,552,0.96,1.23,1.13,1.32,0,0,0,0,-0.64,-0.37,-0.47,-0.28
11.87,884,583,886,573,1769,1165,1773,1146,2654,1746,2660,1716,3540,2325,3547,2283,4425,2906,4434,2853,5311,3489,5321,3427,6198,4072,6207,3998,7085,4651,7094,4565,7970,5231,7980,5134,8855,5816,8866,5708,885,581,886,570,873,576,872,562,0.96,1.27,1.13,1.35,0,0,0,0,-0.64,-0.33,-0.47,-0.25
11.95,887,617,887,582,1773,1234,1774,1162,2660,1854,2660,1748,3546,2473,3547,2333,4433,3089,4434,2914,5319,3709,5320,3501,6206,4327,6207,4085,7092,4942,7094,4668,7978,5558,7981,5251,8865,6176,8868,5836,886,617,886,583,874,612,872,575,0.96,1.35,1.13,1.38,0,0,0,0,-0.64,-0.25,-0.47,-0.22
12.04,886,632,887,592,1775,1266,1775,1184,2663,1897,2662,1773,3550,2533,3549,2366,4439,3165,4436,2954,5326,3800,5322,3548,6214,4431,6210,4137,7101,5063,7097,4727,7989,5696,7984,5319,8877,6327,8871,5909,887,632,887,590,875,627,873,582,0.96,1.38,1.13,1.40,0,0,0,0,-0.64,-0.22,-0.47,-0.20
12.12,888,643,887,593,1776,1285,1775,1180,2664,1925,2662,1765,3551,2566,3550,2354,4439,3205,4437,2938,5327,3845,5325,3527,6215,4483,6212,4114,7103,5123,7099,4705,7991,5759,7986,5292,8879,6398,8873,5885,887,639,887,588,875,634,873,580,0.96,1.39,1.13,1.39,0,0,0,0,-0.64,-0.21,-0.47,-0.21
12.20,889,668,887,594,1777,1335,1775,1186,2667,1999,2663,1774,3556,2664,3550,2363,4445,3332,4437,2955,5334,3999,5324,3546,6223,4663,6212,4130,7111,5328,7099,4717,7999,5998,7986,5308,8887,6663,8874,5894,888,666,887,589,876,661,873,581,0.96,1.45,1.13,1.39,0,0,0,0,-0.64,-0.15,-0.47,-0.21
12.29,889,687,889,597,1779,1371,1779,1190,2668,2055,2667,1786,3558,2741,3556,2384,4447,3424,4445,2980,5336,4110,5334,3581,6226,4791,6223,4179,7115,5477,7111,4785,8005,6162,8000,5388,8894,6845,8888,5992,889,684,888,599,877,679,874,591,0.96,1.49,1.14,1.42,0,0,0,0,-0.64,-0.11,-0.46,-0.18
12.37,890,703,888,618,1779,1404,1777,1232,2669,2109,2665,1851,3559,2809,3554,2464,4449,3513,4442,3081,5339,4217,5331,3697,6228,4922,6219,4315,7118,5625,7108,4928,8008,6328,7996,5542,8899,7033,8885,6158,889,703,888,615,877,698,874,607,0.96,1.54,1.14,1.46,0,0,0,0,-0.64,-0.06,-0.46,-0.14
12.45,891,714,890,631,1781,1430,1779,1267,2672,2145,2668,1900,3562,2858,3557,2532,4453,3573,4446,3166,5343,4285,5335,3796,6234,5001,6224,4430,7124,5712,7113,5058,8014,6429,8002,5693,8904,7141,8891,6321,890,714,889,632,878,709,875,624,0.97,1.56,1.14,1.50,0,0,0,0,-0.63,-0.04,-0.46,-0.10
12.54,890,725,889,634,1781,1446,1778,1263,2672,2169,2667,1895,3562,2893,3556,2531,4453,3615,4446,3162,5343,4337,5335,3794,6234,5062,6224,4429,7125,5783,7113,5060,8016,6507,8002,5693,8907,7232,8891,6329,890,723,889,632,878,718,875,624,0.97,1.58,1.14,1.50,0,0,0,0,-0.63,-0.02,-0.46,-0.10
12.62,891,732,890,642,1783,1467,1779,1290,2675,2198,2669,1932,3566,2932,3559,2577,4457,3664,4449,3221,5350,4398,5339,3860,6241,5135,6229,4505,7132,5868,7119,5143,8023,6603,8009,5785,8914,7336,8898,6423,891,733,889,642,879,728,875,634,0.97,1.60,1.14,1.52,0,30000,0,0,-0.63,0.00,-0.46,-0.08
12.71,891,752,890,642,1783,1502,1780,1282,2674,2253,2669,1927,3566,3005,3559,2572,4457,3754,4449,3212,5348,4504,5339,3855,6239,5255,6229,4502,7130,6002,7119,5143,8021,6752,8009,5791,8912,7500,8899,6432,891,750,889,643,879,745,875,635,0.97,1.64,1.14,1.52,0,30000,0,0,-0.63,0.04,-0.46,-0.08
12.79,891,757,890,642,1782,1515,1779,1287,2673,2274,2669,1934,3564,3030,3558,2577,4455,3789,4448,3226,5346,4545,5337,3870,6236,5302,6227,4517,7128,6060,7117,5166,8019,6815,8007,5810,8910,7574,8897,6461,891,757,889,646,879,752,875,638,0.97,1.65,1.14,1.53,0,30000,0,0,-0.63,0.05,-0.46,-0.07
12.87,892,766,890,650,1784,1533,1780,1303,2676,2297,2670,1952,3567,3065,3560,2606,4459,3831,4450,3254,5350,4597,5340,3905,6242,5365,6230,4558,7134,6130,7120,5207,8025,6898,8010,5864,8917,7665,8900,6516,891,766,890,651,879,761,876,643,0.97,1.67,1.14,1.54,0,30000,0,0,-0.63,0.07,-0.46,-0.06
12.96,892,780,890,659,1784,1557,1780,1313,2676,2335,2670,1969,3568,3115,3561,2628,4460,3892,4451,3281,5351,4671,5341,3937,6245,5451,6231,4597,7137,6229,7121,5251,8031,7011,8011,5909,8923,7789,8901,6563,892,778,890,656,880,773,876,648,0.97,1.70,1.14,1.56,0,30000,0,0,-0.63,0.10,-0.46,-0.04
13.04,891,785,890,655,1783,1573,1780,1315,2675,2362,2671,1976,3568,3147,3561,2632,4461,3934,4451,3292,5353,4723,5341,3953,6245,5507,6232,4607,7137,6293,7122,5266,8028,7081,8012,5926,8921,7866,8903,6581,892,786,890,658,880,781,876,650,0.97,1.72,1.14,1.56,0,30000,0,0,-0.63,0.12,-0.46,-0.04
13.12,893,798,891,659,1785,1595,1781,1317,2677,2393,2671,1978,3569,3189,3562,2637,4461,3986,4453,3297,5355,4781,5343,3955,6247,5578,6234,4616,7139,6371,7124,5273,8032,7168,8014,5935,8924,7961,8904,6591,892,796,890,659,880,791,876,651,0.97,1.74,1.14,1.56,0,30000,0,0,-0.63,0.14,-0.46,-0.04
13.21,892,798,890,665,1783,1599,1781,1334,2675,2396,2671,2000,3568,3196,3562,2669,4460,3992,4453,3333,5352,4791,5343,4006,6244,5587,6234,4670,7136,6387,7124,5342,8028,7184,8014,6007,8921,7984,8905,6677,892,798,890,667,880,793,876,659,0.97,1.74,1.14,1.58,0,30000,0,0,-0.63,0.14,-0.46,-0.02
13.29,892,792,891,673,1785,1580,1782,1341,2678,2370,2672,2014,3570,3161,3563,2687,4462,3950,4453,3357,5355,4743,5343,4031,6249,5533,6234,4700,7141,6325,7124,5373,8034,7119,8015,6047,8927,7913,8905,6718,892,791,890,671,880,786,876,663,0.97,1.73,1.14,1.59,0,30000,0,0,-0.63,0.13,-0.46,-0.01
13.37,892,816,890,669,1785,1632,1780,1343,2678,2450,2670,2016,3571,3266,3560,2687,4464,4084,4450,3361,5357,4899,5340,4032,6249,5717,6231,4707,7142,6532,7121,5378,8035,7351,8011,6058,8929,8167,8901,6730,892,816,890,673,880,811,876,665,0.97,1.78,1.14,1.60,0,30000,0,0,-0.63,0.18,-0.46,-0.00
13.46,893,823,891,672,1785,1648,1782,1346,2678,2475,2673,2024,3571,3297,3564,2697,4463,4123,4455,3375,5355,4947,5346,4050,6247,5770,6237,4724,7139,6594,7128,5401,8032,7418,8019,6077,8924,8240,8910,6750,892,824,891,675,880,819,877,667,0.97,1.80,1.14,1.60,0,30000,0,30000,-0.63,0.20,-0.46,0.00
13.54,892,822,891,683,1785,1642,1781,1363,2677,2465,2672,2048,3570,3286,3563,2726,4463,4108,4453,3409,5356,4931,5344,4091,6249,5752,6235,4770,7141,6575,7125,5453,8033,7396,8016,6131,8926,8220,8906,6813,892,822,890,681,880,817,876,673,0.97,1.80,1.14,1.62,0,30000,0,30000,-0.63,0.20,-0.46,0.02
13.62,893,819,890,683,1787,1641,1781,1370,2680,2460,2672,2052,3572,3280,3563,2735,4465,4101,4453,3421,5357,4919,5344,4103,6249,5740,6234,4789,7142,6560,7125,5476,8035,7377,8016,6158,8928,8199,8907,6846,892,819,890,684,880,814,876,676,0.97,1.79,1.14,1.62,0,30000,0,30000,-0.63,0.19,-0.46,0.02
13.71,893,831,891,688,1785,1662,1782,1373,2678,2490,2673,2056,3570,3319,3563,2740,4463,4151,4454,3427,5356,4982,5345,4113,6250,5811,6236,4795,7143,6641,7126,5478,8035,7473,8017,6166,8927,8306,8907,6853,892,830,890,685,880,825,876,677,0.97,1.81,1.14,1.62,0,30000,0,30000,-0.63,0.21,-0.46,0.02
13.79,893,829,891,687,1786,1656,1782,1374,2678,2487,2673,2066,3571,3316,3564,2755,4464,4143,4455,3440,5357,4972,5345,4129,6250,5800,6236,4818,7143,6626,7127,5503,8036,7454,8018,6192,8929,8282,8909,6880,892,828,890,688,880,823,876,680,0.97,1.81,1.14,1.63,0,30000,0,30000,-0.63,0.21,-0.46,0.03
13.87,893,829,891,694,1786,1657,1782,1386,2679,2483,2673,2075,3573,3311,3564,2768,4467,4138,4455,3459,5360,4965,5346,4149,6254,5794,6237,4842,7147,6619,7128,5530,8040,7445,8019,6222,8933,8272,8910,6915,893,827,891,691,881,822,877,683,0.97,1.81,1.14,1.64,0,30000,0,30000,-0.63,0.21,-0.46,0.04
13.96,892,836,890,687,1785,1675,1781,1378,2678,2513,2672,2068,3571,3348,3563,2755,4464,4186,4454,3447,5357,5021,5345,4133,6249,5857,6236,4820,7142,6694,7127,5510,8035,7528,8017,6195,8927,8365,8907,6886,892,836,890,688,880,831,876,680,0.97,1.83,1.14,1.63,0,30000,0,30000,-0.63,0.23,-0.46,0.03
14.04,895,833,891,692,1788,1664,1782,1379,2681,2497,2672,2072,3574,3327,3563,2759,4467,4156,4454,3449,5360,4987,5345,4141,6253,5816,6236,4830,7146,6647,7127,5524,8039,7475,8018,6212,8932,8303,8909,6903,893,830,890,690,881,825,876,682,0.97,1.81,1.14,1.64,0,30000,0,30000,-0.63,0.21,-0.46,0.04
14.12,893,839,891,694,1788,1676,1782,1385,2681,2514,2672,2082,3575,3352,3563,2777,4468,4187,4454,3468,5361,5024,5345,4162,6254,5862,6236,4857,7147,6698,7127,5548,8040,7536,8017,6245,8933,8374,8908,6940,893,837,890,694,881,832,876,686,0.97,1.83,1.14,1.65,0,30000,0,30000,-0.63,0.23,-0.46,0.05
14.21,893,837,891,694,1786,1675,1782,1388,2680,2510,2673,2078,3573,3347,3564,2768,4466,4182,4455,3459,5359,5019,5346,4153,6252,5857,6237,4848,7145,6692,7128,5538,8038,7527,8019,6228,8932,8361,8910,6919,893,836,891,691,881,831,877,683,0.97,1.83,1.14,1.64,0,30000,0,30000,-0.63,0.23,-0.46,0.04
14.29,894,846,891,696,1787,1692,1782,1391,2680,2538,2673,2085,3575,3382,3564,2776,4468,4228,4455,3468,5361,5075,5346,4162,6255,5923,6237,4859,7148,6771,7128,5554,8042,7619,8019,6247,8935,8466,8910,6939,893,846,891,693,881,841,877,685,0.97,1.85,1.14,1.64,0,30000,0,30000,-0.63,0.25,-0.46,0.04
14.37,892,845,892,698,1784,1688,1783,1394,2677,2535,2674,2094,3570,3382,3565,2792,4463,4227,4457,3486,5356,5074,5347,4183,6249,5922,6238,4880,7142,6767,7129,5572,8034,7613,8020,6267,8928,8462,8911,6962,892,846,891,696,880,841,877,688,0.97,1.85,1.14,1.65,0,30000,0,30000,-0.63,0.25,-0.46,0.05
14.46,893,846,891,690,1786,1693,1782,1383,2679,2542,2673,2078,3573,3388,3564,2768,4466,4235,4455,3462,5359,5084,5346,4156,6253,5931,6237,4845,7146,6778,7128,5536,8042,7627,8019,6230,8936,8474,8910,6918,893,847,891,691,881,842,877,683,0.97,1.85,1.14,1.64,0,30000,0,30000,-0.63,0.25,-0.46,0.04
14.54,893,847,891,695,1786,1693,1782,1387,2679,2541,2673,2082,3571,3387,3564,2772,4465,4233,4455,3463,5359,5080,5346,4158,6252,5925,6237,4848,7145,6772,7128,5543,8038,7618,8019,6236,8931,8463,8910,6928,893,846,891,692,881,841,877,684,0.97,1.85,1.14,1.64,0,30000,0,30000,-0.63,0.25,-0.46,0.04
14.62,893,844,891,692,1787,1689,1782,1382,2680,2537,2673,2076,3573,3384,3564,2765,4466,4230,4454,3455,5360,5078,5345,4148,6254,5923,6236,4836,7147,6772,7127,5529,8041,7618,8018,6219,8934,8464,8909,6910,893,846,890,691,881,841,876,683,0.97,1.85,1.14,1.64,0,30000,0,30000,-0.63,0.25,-0.46,0.04
14.71,893,846,891,696,1786,1694,1781,1395,2679,2541,2672,2092,3573,3385,3564,2786,4466,4230,4455,3481,5359,5077,5346,4181,6252,5923,6237,4880,7145,6768,7128,5575,8037,7615,8019,6274,8930,8460,8910,6974,893,846,891,697,881,841,877,689,0.97,1.85,1.14,1.65,0,30000,0,30000,-0.63,0.25,-0.46,0.05
14.79,893,846,891,697,1786,1695,1781,1399,2679,2543,2672,2100,3572,3389,3563,2797,4465,4236,4454,3496,5358,5085,5345,4197,6252,5932,6236,4895,7145,6778,7127,5592,8038,7627,8018,6295,8931,8475,8909,6996,893,847,890,699,881,842,876,691,0.97,1.85,1.14,1.66,0,30000,0,30000,-0.63,0.25,-0.46,0.06
14.87,893,847,891,697,1786,1692,1782,1390,2680,2538,2673,2084,3573,3386,3564,2781,4466,4231,4455,3473,5358,5078,5346,4171,6251,5926,6237,4867,7144,6772,7128,5560,8037,7619,8019,6256,8930,8467,8910,6953,893,846,891,695,881,841,877,687,0.97,1.85,1.14,1.65,0,30000,0,30000,-0.63,0.25,-0.46,0.05
14.96,893,849,891,691,1785,1699,1782,1386,2679,2550,2674,2081,3573,3398,3566,2771,4465,4248,4457,3466,5359,5097,5348,4160,6252,5945,6239,4851,7145,6792,7130,5542,8038,7641,8021,6238,8932,8489,8913,6930,893,848,891,693,881,843,877,685,0.97,1.85,1.14,1.64,0,30000,0,30000,-0.63,0.25,-0.46,0.04
15.04,892,851,891,701,1785,1702,1783,1401,2678,2551,2674,2099,3571,3402,3565,2801,4463,4250,4456,3498,5357,5100,5347,4201,6250,5950,6238,4902,7143,6798,7129,5600,8035,7648,8020,6303,8928,8495,8911,7001,892,849,891,700,880,844,877,692,0.97,1.86,1.14,1.66,0,30000,0,30000,-0.63,0.26,-0.46,0.06
15.12,894,848,891,702,1787,1692,1782,1399,2680,2538,2673,2100,3573,3383,3564,2798,4466,4227,4455,3496,5360,5073,5346,4197,6253,5917,6237,4894,7146,6764,7128,5596,8039,7607,8019,6294,8932,8454,8911,6997,893,845,891,699,881,840,877,691,0.97,1.85,1.14,1.66,0,30000,0,30000,-0.63,0.25,-0.46,0.06
15.21,893,851,891,706,1786,1704,1782,1417,2680,2557,2673,2126,3573,3407,3564,2833,4465,4260,4455,3544,5358,5112,5346,4253,6252,5963,6237,4959,7146,6816,7128,5668,8040,7668,8019,6374,8933,8519,8910,7081,893,851,891,708,881,846,877,700,0.97,1.86,1.14,1.68,0,30000,0,30000,-0.63,0.26,-0.46,0.08
15.29,893,850,891,704,1786,1701,1782,1412,2679,2551,2673,2120,3573,3399,3564,2822,4466,4247,4454,3527,5358,5098,5345,4237,6252,5947,6236,4942,7145,6795,7127,5646,8039,7645,8018,6354,8933,8493,8910,7059,893,849,891,705,881,844,877,697,0.97,1.86,1.14,1.67,0,30000,0,30000,-0.63,0.26,-0.46,0.07
15.37,894,847,891,705,1787,1693,1782,1412,2680,2541,2673,2121,3573,3387,3564,2826,4468,4235,4455,3535,5361,5082,5346,4243,6255,5928,6237,4949,7147,6776,7128,5659,8040,7622,8019,6364,8934,8469,8910,7073,893,846,891,707,881,841,877,699,0.97,1.85,1.14,1.68,0,30000,0,30000,-0.63,0.25,-0.46,0.08
15.46,893,851,892,710,1787,1703,1783,1422,2680,2557,2674,2136,3573,3409,3565,2848,4466,4262,4457,3562,5359,5114,5348,4272,6253,5968,6239,4986,7146,6820,7130,5696,8039,7674,8021,6411,8933,8527,8913,7122,893,852,891,712,881,847,877,704,0.97,1.86,1.14,1.69,0,30000,0,30000,-0.63,0.26,-0.46,0.09
15.54,893,845,891,711,1786,1692,1782,1425,2679,2536,2673,2136,3572,3382,3564,2850,4465,4225,4455,3560,5358,5071,5346,4275,6252,5915,6237,4984,7145,6761,7128,5699,8039,7606,8020,6412,8932,8451,8911,7125,893,845,891,712,881,840,877,704,0.97,1.85,1.14,1.69,0,30000,0,30000,-0.63,0.25,-0.46,0.09
15.62,893,848,891,720,1784,1693,1783,1437,2678,2541,2675,2156,3571,3386,3566,2871,4464,4232,4457,3591,5357,5079,5348,4309,6250,5925,6239,5025,7143,6773,7131,5744,8037,7619,8022,6457,8930,8468,8913,7175,893,846,891,717,881,841,877,709,0.97,1.85,1.14,1.70,0,30000,0,30000,-0.63,0.25,-0.46,0.10
15.71,893,847,891,717,1786,1695,1782,1436,2680,2544,2673,2157,3574,3393,3565,2876,4467,4241,4456,3593,5360,5088,5347,4307,6253,5935,6239,5021,7146,6783,7130,5734,8039,7632,8021,6449,8932,8484,8912,7167,893,848,891,716,881,843,877,708,0.97,1.85,1.14,1.70,0,30000,0,30000,-0.63,0.25,-0.46,0.10
15.79,893,852,891,716,1787,1705,1783,1433,2680,2559,2674,2153,3573,3413,3566,2871,4466,4265,4457,3586,5359,5118,5348,4304,6252,5971,6239,5023,7146,6821,7131,5738,8039,7671,8022,6453,8932,8523,8913,7173,893,852,891,717,881,847,877,709,0.97,1.86,1.14,1.70,0,30000,0,30000,-0.63,0.26,-0.46,0.10
15.87,893,848,891,723,1787,1695,1783,1441,2680,2543,2674,2160,3573,3393,3565,2882,4469,4242,4456,3601,5362,5089,5347,4319,6255,5938,6238,5041,7149,6785,7130,5758,8042,7632,8021,6476,8935,8482,8912,7198,893,848,891,719,881,843,877,711,0.97,1.85,1.14,1.71,0,30000,0,30000,-0.63,0.25,-0.46,0.11
15.96,894,845,892,714,1787,1690,1784,1429,2679,2538,2675,2149,3572,3385,3566,2867,4465,4230,4457,3581,5359,5077,5348,4300,6252,5925,6239,5019,7146,6771,7130,5733,8038,7617,8021,6449,8932,8465,8912,7168,893,846,891,716,881,841,877,708,0.97,1.85,1.14,1.70,0,30000,0,30000,-0.63,0.25,-0.46,0.10
16.04,893,846,892,724,1786,1689,1784,1443,2680,2534,2675,2165,3573,3377,3566,2883,4469,4221,4457,3607,5362,5067,5349,4329,6255,5910,6240,5048,7148,6757,7131,5772,8042,7600,8022,6489,8935,8444,8913,7209,893,844,891,720,881,839,877,712,0.97,1.85,1.14,1.71,0,30000,0,30000,-0.63,0.25,-0.46,0.11
16.12,894,854,891,716,1786,1709,1782,1433,2679,2567,2673,2154,3573,3423,3564,2870,4466,4279,4455,3587,5360,5136,5346,4308,6256,5991,6238,5025,7150,6845,7129,5742,8043,7701,8020,6464,8937,8556,8912,7183,893,855,891,718,881,850,877,710,0.97,1.87,1.14,1.70,0,30000,0,30000,-0.63,0.27,-0.46,0.10
16.21,894,852,892,720,1787,1703,1783,1439,2680,2557,2674,2162,3573,3410,3566,2883,4467,4262,4457,3601,5361,5116,5349,4325,6254,5969,6241,5044,7148,6819,7132,5763,8040,7672,8024,6486,8935,8524,8916,7206,893,852,891,720,881,847,877,712,0.97,1.86,1.14,1.71,0,30000,0,30000,-0.63,0.26,-0.46,0.11
16.29,893,852,891,719,1787,1706,1782,1443,2681,2559,2674,2165,3575,3410,3565,2884,4468,4262,4456,3606,5361,5115,5347,4330,6255,5966,6239,5049,7148,6817,7130,5769,8042,7671,8021,6493,8935,8523,8913,7215,893,852,891,721,881,847,877,713,0.97,1.86,1.14,1.71,0,30000,0,30000,-0.63,0.26,-0.46,0.11
16.37,893,857,892,723,1787,1711,1783,1442,2681,2568,2674,2162,3574,3425,3565,2886,4467,4281,4457,3606,5361,5137,5348,4326,6254,5995,6239,5050,7147,6852,7130,5771,8041,7708,8021,6488,8935,8565,8912,7210,893,856,891,721,881,851,877,713,0.97,1.87,1.14,1.71,0,30000,0,30000,-0.63,0.27,-0.46,0.11
16.46,893,857,892,719,1786,1715,1784,1441,2679,2575,2675,2166,3572,3434,3567,2888,4466,4292,4458,3609,5359,5149,5349,4331,6252,6009,6240,5056,7145,6865,7131,5777,8038,7724,8022,6501,8932,8582,8913,7224,893,858,891,722,881,853,877,714,0.97,1.88,1.14,1.71,0,30000,0,30000,-0.63,0.28,-0.46,0.11
16.54,893,858,892,723,1787,1714,1784,1440,2680,2573,2676,2164,3573,3432,3568,2885,4466,4289,4460,3605,5359,5148,5352,4328,6252,6004,6244,5047,7145,6863,7135,5770,8038,7720,8027,6489,8932,8577,8918,7208,893,857,891,720,881,852,877,712,0.97,1.87,1.14,1.71,0,30000,0,30000,-0.63,0.27,-0.46,0.11
16.62,894,857,892,719,1787,1718,1784,1444,2680,2575,2675,2164,3573,3434,3567,2887,4467,4291,4458,3606,5361,5150,5349,4330,6255,6008,6241,5050,7148,6865,7132,5770,8043,7725,8023,6494,8936,8582,8915,7215,893,858,891,721,881,853,877,713,0.97,1.88,1.14,1.71,0,30000,0,30000,-0.63,0.28,-0.46,0.11
16.71,894,856,892,725,1787,1711,1785,1445,2680,2565,2677,2164,3574,3422,3569,2886,4468,4276,4461,3606,5361,5129,5352,4324,6254,5985,6243,5047,7148,6839,7135,5765,8041,7693,8026,6483,8935,8549,8917,7205,893,854,891,720,881,849,877,712,0.97,1.87,1.14,1.71,0,30000,0,30000,-0.63,0.27,-0.46,0.11
16.79,894,864,891,724,1788,1725,1783,1444,2682,2587,2674,2165,3576,3451,3566,2889,4469,4313,4457,3608,5363,5178,5348,4331,6257,6042,6240,5055,7150,6904,7131,5774,8044,7768,8022,6498,8938,8631,8914,7218,893,863,891,721,881,858,877,713,0.97,1.89,1.14,1.71,0,30000,0,30000,-0.63,0.29,-0.46,0.11
16.87,893,860,891,722,1785,1722,1782,1448,2679,2581,2673,2169,3572,3443,3564,2895,4465,4303,4455,3615,5358,5164,5346,4338,6251,6025,6238,5060,7145,6886,7129,5779,8039,7749,8020,6501,8934,8609,8911,7219,893,860,891,721,881,855,877,713,0.97,1.88,1.14,1.71,0,30000,0,30000,-0.63,0.28,-0.46,0.11
16.96,893,861,892,723,1785,1724,1783,1449,2678,2586,2675,2171,3571,3446,3567,2893,4464,4308,4458,3618,5357,5170,5350,4341,6250,6029,6241,5062,7143,6890,7132,5787,8036,7752,8023,6511,8929,8612,8915,7230,892,861,891,723,880,856,877,715,0.97,1.88,1.14,1.72,0,30000,0,30000,-0.63,0.28,-0.46,0.12
17.04,894,860,892,722,1788,1721,1784,1446,2681,2580,2676,2166,3575,3440,3567,2889,4468,4301,4459,3611,5362,5160,5350,4330,6256,6021,6241,5056,7150,6878,7132,5775,8044,7739,8024,6499,8937,8599,8915,7220,893,859,891,722,881,854,877,714,0.97,1.88,1.14,1.71,0,30000,0,30000,-0.63,0.28,-0.46,0.11
17.12,894,866,891,727,1788,1731,1783,1452,2681,2593,2674,2173,3574,3456,3566,2898,4467,4321,4457,3623,5360,5182,5348,4345,6254,6045,6239,5067,7147,6910,7130,5792,8041,7773,8022,6513,8936,8635,8913,7235,893,863,891,723,881,858,877,715,0.97,1.89,1.14,1.72,0,30000,0,30000,-0.63,0.29,-0.46,0.12
17.21,894,862,891,722,1788,1724,1782,1445,2682,2587,2673,2172,3576,3450,3564,2897,4469,4312,4455,3619,5363,5174,5346,4340,6257,6037,6237,5063,7151,6902,7128,5790,8045,7766,8019,6516,8939,8628,8911,7237,893,862,891,723,881,857,877,715,0.97,1.89,1.14,1.72,0,30000,0,30000,-0.63,0.29,-0.46,0.12
17.29,893,866,892,725,1787,1729,1784,1445,2680,2593,2675,2168,3574,3459,3567,2894,4467,4322,4459,3612,5361,5186,5350,4336,6257,6051,6242,5061,7150,6914,7133,5781,8043,7779,8024,6505,8937,8643,8915,7229,893,864,891,722,881,859,877,714,0.97,1.89,1.14,1.71,0,30000,0,30000,-0.63,0.29,-0.46,0.11
17.37,893,863,892,725,1788,1723,1784,1446,2682,2586,2676,2172,3576,3447,3568,2894,4469,4308,4459,3614,5363,5171,5350,4339,6256,6031,6242,5061,7149,6891,7133,5782,8042,7754,8024,6507,8935,8615,8916,7230,893,861,891,723,881,856,877,715,0.97,1.88,1.14,1.72,0,30000,0,30000,-0.63,0.28,-0.46,0.12
17.46,894,863,891,726,1788,1723,1782,1447,2682,2584,2674,2171,3575,3447,3565,2897,4469,4308,4456,3620,5362,5170,5347,4345,6256,6032,6238,5071,7150,6891,7129,5792,8043,7753,8020,6517,8937,8616,8911,7243,893,861,891,724,881,856,877,716,0.97,1.88,1.14,1.72,0,30000,0,30000,-0.63,0.28,-0.46,0.12
17.54,894,865,891,725,1788,1729,1783,1447,2681,2596,2675,2173,3575,3460,3566,2894,4468,4325,4457,3619,5360,5190,5349,4343,6253,6054,6240,5064,7147,6919,7131,5789,8041,7782,8023,6509,8935,8647,8914,7234,893,864,891,723,881,859,877,715,0.97,1.89,1.14,1.72,0,30000,0,30000,-0.63,0.29,-0.46,0.12
17.62,893,865,891,725,1786,1729,1782,1449,2680,2591,2674,2168,3572,3455,3565,2890,4466,4319,4456,3614,5360,5180,5348,4332,6254,6043,6239,5052,7147,6906,7131,5772,8040,7767,8022,6490,8934,8631,8913,7213,893,863,891,721,881,858,877,713,0.97,1.89,1.14,1.71,0,30000,0,30000,-0.63,0.29,-0.46,0.11
17.71,894,863,892,720,1786,1727,1784,1444,2680,2592,2676,2167,3573,3455,3568,2887,4466,4320,4459,3611,5360,5185,5351,4333,6253,6048,6242,5052,7146,6914,7133,5775,8040,7780,8025,6499,8933,8644,8916,7218,893,864,891,721,881,859,877,713,0.97,1.89,1.14,1.71,0,30000,0,30000,-0.63,0.29,-0.46,0.11
17.79,893,866,892,726,1787,1731,1784,1451,2681,2594,2676,2173,3574,3458,3567,2896,4467,4324,4459,3622,5361,5189,5351,4347,6255,6054,6243,5071,7149,6916,7134,5792,8042,7779,8025,6514,8935,8644,8916,7238,893,864,891,723,881,859,877,715,0.97,1.89,1.14,1.72,0,30000,0,30000,-0.63,0.29,-0.46,0.12
17.87,894,863,891,722,1788,1727,1781,1447,2681,2592,2672,2174,3575,3457,3563,2896,4470,4320,4455,3619,5362,5185,5347,4345,6255,6050,6238,5071,7148,6913,7129,5792,8041,7776,8020,6517,8935,8641,8911,7243,893,864,891,724,881,859,877,716,0.97,1.89,1.14,1.72,0,30000,0,30000,-0.63,0.29,-0.46,0.12
17.96,894,863,891,724,1788,1725,1782,1444,2682,2587,2673,2167,3576,3451,3564,2892,4470,4312,4455,3612,5364,5174,5346,4333,6257,6036,6237,5054,7151,6900,7128,5778,8045,7763,8019,6501,8939,8624,8910,7221,893,862,891,722,881,857,877,714,0.97,1.89,1.14,1.71,0,30000,0,30000,-0.63,0.29,-0.46,0.11
18.04,894,863,892,724,1787,1724,1783,1447,2680,2588,2674,2173,3574,3450,3565,2897,4468,4310,4456,3619,5361,5173,5347,4345,6255,6035,6239,5070,7148,6895,7131,5791,8040,7756,8022,6514,8933,8618,8913,7239,893,861,891,723,881,856,877,715,0.97,1.88,1.14,1.72,0,30000,0,30000,-0.63,0.28,-0.46,0.12
18.12,893,864,892,724,1787,1730,1783,1449,2681,2594,2674,2173,3575,3459,3566,2899,4469,4322,4457,3621,5362,5188,5348,4348,6256,6051,6239,5069,7150,6916,7131,5795,8044,7780,8022,6520,8938,8643,8914,7242,893,864,891,724,881,859,877,716,0.97,1.89,1.14,1.72,0,30000,0,30000,-0.63,0.29,-0.46,0.12
18.21,893,864,892,724,1786,1727,1783,1449,2680,2591,2675,2176,3574,3453,3567,2900,4470,4317,4459,3628,5364,5179,5350,4351,6258,6044,6241,5078,7152,6907,7133,5801,8045,7771,8024,6529,8939,8634,8916,7253,893,863,891,725,881,858,877,717,0.97,1.89,1.14,1.72,0,30000,0,30000,-0.63,0.29,-0.46,0.12
18.29,893,865,891,728,1786,1730,1783,1454,2679,2594,2674,2179,3572,3457,3566,2902,4465,4319,4458,3622,5359,5182,5349,4343,6252,6046,6241,5067,7145,6912,7132,5792,8039,7778,8024,6519,8933,8644,8915,7244,893,864,891,724,881,859,877,716,0.97,1.89,1.14,1.72,0,30000,0,30000,-0.63,0.29,-0.46,0.12
18.37,893,864,891,721,1786,1727,1782,1440,2679,2591,2673,2162,3575,3456,3564,2884,4469,4319,4455,3603,5363,5183,5346,4324,6257,6048,6237,5049,7151,6913,7128,5769,8045,7775,8020,6487,8938,8639,8911,7208,893,863,891,720,881,858,877,712,0.97,1.89,1.14,1.71,0,30000,0,30000,-0.63,0.29,-0.46,0.11
18.46,894,865,891,724,1787,1730,1782,1446,2681,2597,2673,2172,3575,3465,3564,2898,4469,4331,4456,3622,5363,5196,5348,4342,6257,6061,6239,5063,7150,6927,7130,5787,8044,7793,8021,6513,8938,8659,8912,7236,893,865,891,723,881,860,877,715,0.97,1.89,1.14,1.72,0,30000,0,30000,-0.63,0.29,-0.46,0.12
18.54,893,861,891,720,1786,1722,1782,1443,2679,2584,2674,2165,3572,3445,3566,2887,4466,4306,4458,3605,5359,5165,5350,4323,6252,6032,6242,5043,7145,6900,7134,5764,8038,7767,8025,6488,8931,8634,8916,7211,893,863,891,721,881,858,877,713,0.97,1.89,1.14,1.71,0,30000,0,30000,-0.63,0.29,-0.46,0.11
18.62,893,866,892,725,1787,1731,1784,1449,2681,2594,2676,2169,3575,3457,3567,2889,4469,4321,4458,3611,5363,5186,5350,4335,6257,6050,6242,5058,7151,6913,7133,5777,8045,7776,8025,6497,8939,8641,8916,7220,893,864,891,722,881,859,877,714,0.97,1.89,1.14,1.71,0,30000,0,30000,-0.63,0.29,-0.46,0.11
18.71,894,867,891,724,1788,1732,1783,1444,2682,2597,2674,2166,3576,3464,3565,2890,4470,4332,4457,3615,5364,5199,5349,4338,6258,6064,6240,5058,7152,6930,7131,5782,8047,7796,8023,6505,8940,8661,8915,7224,894,866,891,722,882,861,877,714,0.97,1.89,1.14,1.71,0,30000,0,30000,-0.63,0.29,-0.46,0.11
18.79,894,864,891,721,1788,1730,1782,1445,2682,2596,2674,2169,3576,3459,3565,2888,4470,4323,4456,3609,5364,5187,5348,4334,6257,6050,6239,5054,7151,6914,7130,5777,8044,7779,8022,6501,8938,8642,8914,7220,893,864,891,722,881,859,877,714,0.97,1.89,1.14,1.71,0,30000,0,30000,-0.63,0.29,-0.46,0.11
18.87,894,863,891,722,1788,1727,1783,1447,2681,2592,2675,2172,3575,3456,3567,2896,4469,4319,4459,3616,5363,5181,5350,4336,6256,6045,6242,5058,7150,6910,7134,5784,8043,7774,8026,6508,8936,8639,8917,7231,893,863,891,723,881,858,877,715,0.97,1.89,1.14,1.72,0,30000,0,30000,-0.63,0.29,-0.46,0.12
18.96,893,862,891,720,1786,1724,1782,1441,2680,2587,2674,2162,3574,3453,3565,2885,4467,4317,4456,3610,5361,5181,5348,4333,6254,6045,6239,5056,7147,6908,7130,5778,8042,7770,8022,6499,8936,8632,8914,7218,893,863,891,721,881,858,877,713,0.97,1.89,1.14,1.71,0,30000,0,30000,-0.63,0.29,-0.46,0.11
19.04,894,864,891,726,1788,1729,1782,1451,2681,2593,2673,2175,3575,3456,3565,2897,4468,4317,4456,3618,5362,5179,5348,4338,6255,6041,6239,5059,7149,6905,7130,5783,8042,7767,8021,6507,8936,8630,8912,7230,893,863,891,723,881,858,877,715,0.97,1.89,1.14,1.72,0,30000,0,30000,-0.63,0.29,-0.46,0.12
19.12,894,861,891,718,1787,1724,1783,1440,2680,2587,2674,2160,3574,3447,3565,2878,4468,4310,4456,3599,5362,5172,5348,4320,6256,6032,6239,5038,7149,6897,7130,5760,8043,7759,8021,6479,8936,8619,8912,7197,893,861,891,719,881,856,877,711,0.97,1.88,1.14,1.71,0,30000,0,30000,-0.63,0.28,-0.46,0.11
19.21,893,865,891,723,1787,1730,1782,1445,2681,2593,2673,2163,3576,3457,3564,2887,4469,4320,4456,3606,5362,5183,5347,4325,6255,6047,6238,5047,7148,6909,7129,5765,8042,7774,8020,6488,8935,8637,8912,7207,893,863,891,720,881,858,877,712,0.97,1.89,1.14,1.71,0,30000,0,30000,-0.63,0.29,-0.46,0.11
19.29,893,865,893,722,1785,1730,1785,1444,2679,2597,2676,2170,3573,3462,3568,2891,4466,4327,4460,3613,5360,5193,5351,4338,6253,6057,6243,5059,7147,6921,7134,5782,8041,7786,8026,6507,8934,8649,8918,7225,893,864,891,722,881,859,877,714,0.97,1.89,1.14,1.71,0,30000,0,30000,-0.63,0.29,-0.46,0.11
19.37,894,864,892,723,1788,1728,1784,1446,2681,2595,2675,2175,3575,3460,3567,2900,4469,4324,4458,3622,5363,5190,5350,4348,6256,6053,6241,5070,7149,6919,7132,5796,8043,7784,8024,6520,8936,8647,8915,7240,893,864,891,724,881,859,877,716,0.97,1.89,1.14,1.72,0,30000,0,30000,-0.63,0.29,-0.46,0.12
19.46,894,868,891,725,1788,1735,1782,1446,2681,2601,2673,2167,3574,3468,3564,2889,4467,4334,4455,3612,5361,5200,5346,4333,6255,6066,6237,5055,7148,6934,7128,5780,8042,7802,8019,6506,8936,8669,8910,7230,893,866,891,723,881,861,877,715,0.97,1.89,1.14,1.72,0,30000,0,30000,-0.63,0.29,-0.46,0.12
19.54,894,871,891,725,1788,1740,1782,1450,2681,2608,2673,2173,3575,3476,3564,2895,4469,4343,4455,3615,5362,5211,5346,4336,6255,6080,6237,5059,7149,6950,7128,5784,8043,7819,8020,6507,8938,8687,8911,7231,893,868,891,723,881,863,877,715,0.97,1.90,1.14,1.72,0,30000,0,30000,-0.63,0.30,-0.46,0.12
19.62,893,865,891,718,1786,1731,1782,1436,2679,2597,2673,2155,3573,3465,3564,2878,4466,4332,4456,3601,5360,5199,5347,4322,6255,6064,6238,5041,7149,6929,7129,5759,8043,7795,8020,6479,8937,8662,8911,7202,893,866,891,720,881,861,877,712,0.97,1.89,1.14,1.71,0,30000,0,30000,-0.63,0.29,-0.46,0.11
19.71,894,864,892,723,1788,1728,1784,1444,2685,2590,2675,2164,3579,3453,3567,2883,4473,4317,4458,3603,5367,5182,5349,4325,6260,6046,6241,5048,7154,6911,7133,5772,8047,7774,8024,6491,8940,8636,8916,7209,894,863,891,720,882,858,877,712,0.97,1.89,1.14,1.71,0,30000,0,30000,-0.63,0.29,-0.46,0.11
19.79,893,867,891,721,1787,1734,1782,1442,2681,2601,2673,2163,3575,3468,3564,2884,4469,4335,4456,3605,5363,5202,5348,4327,6257,6068,6239,5048,7150,6934,7131,5768,8044,7800,8023,6489,8937,8665,8915,7209,893,866,891,720,881,861,877,712,0.97,1.89,1.14,1.71,0,30000,0,30000,-0.63,0.29,-0.46,0.11
19.87,893,865,891,722,1786,1729,1783,1443,2679,2591,2675,2159,3572,3454,3566,2877,4465,4319,4457,3598,5359,5183,5348,4318,6254,6045,6240,5036,7147,6907,7131,5752,8040,7770,8022,6472,8934,8634,8914,7192,893,863,891,719,881,858,877,711,0.97,1.89,1.14,1.71,0,30000,0,30000,-0.63,0.29,-0.46,0.11
19.96,894,867,891,721,1789,1734,1782,1441,2683,2599,2673,2159,3577,3464,3564,2874,4473,4329,4455,3590,5368,5196,5347,4309,6262,6060,6239,5024,7156,6924,7130,5740,8050,7789,8021,6456,8943,8655,8912,7175,894,865,891,717,882,860,877,709,0.97,1.89,1.14,1.70,0,30000,0,30000,-0.63,0.29,-0.46,0.10
20.04,893,865,891,717,1787,1730,1783,1432,2680,2596,2674,2151,3573,3464,3565,2871,4467,4331,4456,3590,5361,5196,5348,4306,6254,6061,6239,5021,7147,6926,7130,5738,8040,7793,8021,6459,8934,8659,8913,7178,893,865,891,717,881,860,877,709,0.97,1.89,1.14,1.70,0,30000,0,30000,-0.63,0.29,-0.46,0.10
20.12,894,865,891,719,1788,1728,1782,1433,2681,2594,2674,2153,3575,3458,3565,2871,4469,4321,4456,3587,5363,5186,5347,4307,6256,6050,6239,5023,7149,6914,7130,5740,8043,7779,8021,6460,8936,8642,8913,7178,893,864,891,717,881,859,877,709,0.97,1.89,1.14,1.70,0,30000,0,30000,-0.63,0.29,-0.46,0.10
20.21,894,865,892,718,1787,1732,1783,1438,2681,2597,2675,2159,3574,3460,3566,2876,4467,4324,4457,3596,5361,5189,5348,4318,6254,6052,6239,5034,7147,6916,7130,5753,8041,7782,8021,6475,8934,8645,8913,7192,893,864,891,719,881,859,877,711,0.97,1.89,1.14,1.71,0,30000,0,30000,-0.63,0.29,-0.46,0.11
20.29,894,865,891,719,1788,1730,1782,1438,2681,2597,2673,2160,3574,3464,3565,2882,4468,4329,4457,3601,5362,5194,5348,4319,6255,6060,6240,5040,7148,6927,7131,5761,8041,7792,8023,6479,8934,8657,8915,7197,893,865,891,719,881,860,877,711,0.97,1.89,1.14,1.71,0,30000,0,30000,-0.63,0.29,-0.46,0.11
20.37,893,866,891,723,1786,1732,1782,1445,2679,2596,2674,2165,3573,3460,3566,2881,4467,4325,4457,3600,5361,5191,5348,4322,6254,6056,6239,5043,7147,6920,7130,5761,8040,7784,8022,6479,8933,8651,8913,7201,893,865,891,720,881,860,877,712,0.97,1.89,1.14,1.71,0,30000,0,30000,-0.63,0.29,-0.46,0.11
20.46,894,864,891,722,1788,1728,1782,1443,2682,2591,2674,2161,3575,3453,3565,2874,4468,4315,4456,3591,5362,5178,5347,4313,6256,6041,6238,5033,7150,6903,7129,5751,8044,7765,8020,6467,8938,8627,8911,7183,893,862,891,718,881,857,877,710,0.97,1.89,1.14,1.70,0,30000,0,30000,-0.63,0.29,-0.46,0.10
20.54,894,863,892,724,1787,1726,1783,1447,2681,2588,2676,2168,3574,3448,3568,2886,4468,4309,4459,3605,5362,5170,5351,4325,6255,6033,6243,5047,7149,6895,7134,5768,8043,7757,8025,6486,8936,8618,8916,7204,893,861,891,720,881,856,877,712,0.97,1.88,1.14,1.71,0,30000,0,30000,-0.63,0.28,-0.46,0.11
20.62,894,865,891,722,1788,1730,1783,1444,2682,2595,2675,2165,3576,3460,3568,2886,4469,4325,4459,3606,5363,5190,5351,4326,6256,6053,6243,5044,7150,6916,7134,5760,8043,7779,8026,6476,8935,8643,8917,7191,893,864,891,719,881,859,877,711,0.97,1.89,1.14,1.71,0,30000,0,30000,-0.63,0.29,-0.46,0.11
20.71,893,860,891,714,1786,1721,1782,1428,2680,2585,2673,2146,3573,3448,3564,2863,4466,4310,4455,3580,5360,5172,5347,4295,6254,6032,6238,5009,7147,6893,7129,5722,8040,7754,8020,6437,8933,8615,8911,7153,893,861,891,715,881,856,877,707,0.97,1.88,1.14,1.70,0,30000,0,30000,-0.63,0.28,-0.46,0.10
20.79,894,868,892,717,1789,1734,1784,1430,2683,2599,2675,2142,3576,3467,3566,2859,4470,4334,4457,3574,5363,5199,5349,4285,6257,6064,6240,4997,7151,6930,7131,5711,8044,7797,8022,6426,8937,8661,8913,7137,893,866,891,713,881,861,877,705,0.97,1.89,1.14,1.69,0,30000,0,30000,-0.63,0.29,-0.46,0.09
20.87,894,867,891,717,1787,1734,1782,1433,2681,2599,2674,2146,3574,3465,3565,2860,4467,4331,4456,3574,5360,5200,5347,4293,6254,6068,6239,5011,7147,6935,7130,5728,8041,7800,8021,6440,8934,8666,8912,7152,893,866,891,715,881,861,877,707,0.97,1.89,1.14,1.70,0,30000,0,30000,-0.63,0.29,-0.46,0.10
20.96,893,866,892,714,1787,1733,1783,1431,2681,2602,2674,2150,3573,3468,3565,2866,4466,4335,4457,3579,5360,5203,5348,4298,6254,6071,6239,5016,7148,6937,7130,5731,8040,7803,8021,6444,8933,8671,8912,7163,893,867,891,716,881,862,877,708,0.97,1.90,1.14,1.70,0,30000,0,30000,-0.63,0.30,-0.46,0.10
21.04,893,865,891,715,1787,1731,1782,1433,2680,2598,2674,2151,3573,3464,3565,2867,4467,4328,4456,3579,5362,5193,5348,4294,6256,6060,6239,5016,7149,6926,7131,5733,8043,7790,8022,6445,8936,8655,8913,7160,893,865,891,716,881,860,877,708,0.97,1.89,1.14,1.70,0,30000,0,30000,-0.63,0.29,-0.46,0.10
21.12,894,864,891,718,1787,1727,1783,1432,2680,2590,2674,2146,3574,3454,3565,2864,4468,4318,4456,3580,5362,5182,5347,4296,6256,6044,6239,5008,7150,6906,7130,5721,8042,7770,8021,6438,8936,8633,8912,7153,893,863,891,715,881,858,877,707,0.97,1.89,1.14,1.70,0,30000,0,30000,-0.63,0.29,-0.46,0.10
21.21,893,862,891,714,1786,1726,1783,1429,2680,2591,2675,2146,3574,3456,3566,2862,4467,4320,4458,3574,5360,5183,5349,4285,6254,6046,6240,4997,7147,6910,7131,5711,8041,7775,8022,6427,8935,8640,8913,7143,893,864,891,714,881,859,877,706,0.97,1.89,1.14,1.69,0,30000,0,30000,-0.63,0.29,-0.46,0.09
21.29,893,866,892,718,1787,1731,1783,1435,2681,2596,2675,2153,3575,3461,3567,2870,4468,4325,4459,3585,5362,5188,5350,4297,6256,6052,6241,5009,7149,6916,7132,5722,8043,7782,8023,6438,8937,8648,8914,7155,893,864,891,715,881,859,877,707,0.97,1.89,1.14,1.70,0,30000,0,30000,-0.63,0.29,-0.46,0.10
21.37,894,860,891,717,1787,1722,1782,1437,2681,2584,2674,2156,3574,3445,3565,2873,4468,4304,4457,3586,5362,5165,5348,4300,6255,6025,6239,5015,7149,6887,7130,5733,8043,7750,8022,6451,8937,8612,8914,7168,893,861,891,716,881,856,877,708,0.97,1.88,1.14,1.70,0,30000,0,30000,-0.63,0.28,-0.46,0.10
21.46,894,866,892,716,1788,1730,1784,1430,2681,2595,2675,2145,3575,3460,3566,2861,4469,4325,4457,3580,5362,5191,5348,4302,6256,6057,6239,5023,7150,6923,7130,5743,8043,7788,8021,6463,8938,8652,8913,7180,893,865,891,718,881,860,877,710,0.97,1.89,1.14,1.70,0,30000,0,30000,-0.63,0.29,-0.46,0.10
21.54,897,867,891,716,1791,1733,1783,1433,2684,2599,2674,2148,3578,3464,3565,2862,4472,4327,4457,3573,5365,5191,5348,4284,6259,6055,6239,4995,7153,6919,7130,5707,8046,7784,8021,6422,8940,8649,8912,7137,894,864,891,713,882,859,877,705,0.97,1.89,1.14,1.69,0,30000,0,30000,-0.63,0.29,-0.46,0.09
21.62,894,869,891,715,1787,1737,1782,1426,2680,2605,2673,2139,3574,3474,3565,2856,4468,4342,4457,3571,5362,5209,5348,4282,6255,6076,6239,4994,7149,6944,7130,5710,8043,7811,8021,6425,8936,8675,8912,7137,893,867,891,713,881,862,877,705,0.97,1.90,1.14,1.69,0,30000,0,30000,-0.63,0.30,-0.46,0.09
21.71,893,861,892,715,1787,1722,1783,1431,2680,2585,2674,2147,3573,3448,3566,2865,4466,4313,4458,3585,5359,5176,5349,4303,6253,6038,6240,5019,7146,6902,7131,5740,8039,7765,8023,6460,8933,8627,8915,7177,893,862,891,717,881,857,877,709,0.97,1.89,1.14,1.70,0,30000,0,30000,-0.63,0.29,-0.46,0.10
21.79,894,862,892,714,1788,1723,1783,1430,2681,2586,2674,2149,3575,3449,3566,2866,4468,4310,4457,3580,5361,5171,5348,4294,6254,6033,6239,5011,7148,6896,7131,5733,8042,7758,8022,6450,8936,8618,8914,7162,893,861,891,716,881,856,877,708,0.97,1.88,1.14,1.70,0,30000,0,30000,-0.63,0.28,-0.46,0.10
21.87,894,864,891,716,1788,1727,1782,1432,2681,2588,2673,2144,3574,3450,3564,2858,4467,4314,4455,3577,5361,5175,5346,4289,6255,6037,6237,5002,7149,6901,7128,5717,8043,7764,8019,6432,8937,8624,8910,7143,893,862,891,714,881,857,877,706,0.97,1.89,1.14,1.69,0,30000,0,30000,-0.63,0.29,-0.46,0.09
21.96,894,863,892,714,1788,1726,1784,1428,2682,2592,2675,2146,3575,3458,3566,2863,4469,4322,4458,3579,5362,5185,5350,4290,6255,6049,6241,5004,7149,6915,7132,5721,8041,7781,8023,6435,8935,8644,8915,7145,893,864,891,714,881,859,877,706,0.97,1.89,1.14,1.69,0,30000,0,30000,-0.63,0.29,-0.46,0.09
22.04,893,866,891,713,1787,1732,1783,1426,2680,2599,2674,2141,3573,3466,3565,2858,4468,4333,4457,3575,5362,5200,5349,4290,6256,6064,6241,5001,7149,6929,7133,5713,8042,7795,8024,6427,8935,8663,8915,7145,893,866,891,714,881,861,877,706,0.97,1.89,1.14,1.69,0,30000,0,30000,-0.63,0.29,-0.46,0.09
22.12,895,860,892,713,1791,1721,1784,1426,2685,2583,2675,2142,3578,3445,3567,2859,4472,4306,4458,3574,5366,5165,5350,4287,6260,6024,6242,4999,7153,6883,7133,5713,8047,7743,8024,6430,8942,8604,8916,7146,894,860,891,714,882,855,877,706,0.97,1.88,1.14,1.69,0,30000,0,30000,-0.63,0.28,-0.46,0.09
22.21,893,862,891,711,1787,1723,1782,1420,2681,2583,2673,2128,3575,3443,3564,2836,4468,4305,4455,3548,5362,5167,5346,4258,6254,6028,6237,4970,7148,6888,7129,5678,8042,7747,8020,6388,8935,8606,8911,7096,893,860,891,709,881,855,877,701,0.97,1.88,1.14,1.68,0,30000,0,30000,-0.63,0.28,-0.46,0.08
22.29,893,864,891,715,1787,1727,1782,1428,2680,2588,2673,2138,3573,3452,3564,2850,4467,4315,4455,3565,5361,5176,5346,4275,6254,6038,6237,4989,7147,6901,7128,5704,8042,7763,8019,6416,8936,8624,8910,7127,893,862,891,712,881,857,877,704,0.97,1.89,1.14,1.69,0,30000,0,30000,-0.63,0.29,-0.46,0.09
22.37,894,863,891,712,1788,1726,1783,1423,2681,2589,2674,2133,3574,3453,3565,2844,4468,4318,4456,3556,5361,5184,5347,4271,6255,6049,6239,4984,7149,6913,7130,5696,8043,7776,8022,6406,8937,8639,8913,7115,893,863,891,711,881,858,877,703,0.97,1.89,1.14,1.69,0,30000,0,30000,-0.63,0.29,-0.46,0.09
22.46,894,862,892,712,1788,1725,1784,1425,2682,2587,2675,2135,3575,3451,3566,2849,4469,4314,4457,3564,5363,5176,5348,4279,6256,6037,6240,4989,7150,6898,7131,5701,8044,7761,8022,6417,8937,8623,8913,7131,893,862,891,713,881,857,877,705,0.97,1.89,1.14,1.69,0,30000,0,30000,-0.63,0.29,-0.46,0.09
22.54,894,857,890,711,1788,1714,1781,1426,2682,2573,2672,2141,3576,3429,3563,2851,4469,4286,4454,3564,5363,5145,5345,4280,6256,6002,6236,4990,7149,6859,7127,5702,8043,7717,8019,6417,8937,8575,8911,7128,893,857,891,712,881,852,877,704,0.97,1.87,1.14,1.69,0,30000,0,30000,-0.63,0.27,-0.46,0.09
22.62,894,864,892,713,1788,1725,1783,1423,2681,2587,2674,2135,3574,3450,3565,2849,4467,4311,4457,3559,5360,5173,5347,4272,6254,6036,6238,4985,7147,6898,7129,5702,8041,7761,8020,6415,8934,8623,8911,7124,893,862,891,712,881,857,877,704,0.97,1.89,1.14,1.69,0,30000,0,30000,-0.63,0.29,-0.46,0.09
22.71,893,861,892,716,1787,1721,1783,1431,2680,2579,2674,2141,3573,3437,3565,2851,4467,4297,4456,3566,5360,5156,5348,4280,6254,6014,6239,4990,7147,6873,7130,5701,8041,7736,8021,6416,8935,8597,8912,7126,893,859,891,712,881,854,877,704,0.97,1.88,1.14,1.69,0,30000,0,30000,-0.63,0.28,-0.46,0.09
22.79,893,865,891,712,1787,1731,1782,1424,2681,2596,2673,2133,3574,3459,3565,2839,4467,4323,4456,3546,5361,5189,5347,4257,6255,6055,6238,4968,7150,6920,7129,5677,8043,7783,8020,6383,8936,8647,8911,7090,893,864,891,709,881,859,877,701,0.97,1.89,1.14,1.68,0,30000,0,30000,-0.63,0.29,-0.46,0.08
22.87,894,863,891,710,1787,1726,1782,1418,2680,2589,2674,2128,3574,3454,3565,2842,4468,4317,4456,3553,5361,5180,5347,4262,6255,6044,6239,4976,7149,6907,7130,5687,8042,7768,8022,6395,8935,8630,8913,7104,893,863,891,710,881,858,877,702,0.97,1.89,1.14,1.68,0,30000,0,30000,-0.63,0.29,-0.46,0.08
22.96,894,863,891,712,1788,1726,1782,1423,2681,2586,2673,2130,3575,3447,3564,2837,4468,4309,4455,3548,5361,5172,5346,4257,6255,6033,6237,4964,7148,6894,7128,5671,8042,7757,8019,6382,8935,8620,8910,7093,893,862,891,709,881,857,877,701,0.97,1.89,1.14,1.68,0,30000,0,30000,-0.63,0.29,-0.46,0.08
23.04,893,860,891,707,1786,1721,1782,1417,2680,2582,2673,2127,3573,3442,3564,2834,4465,4301,4455,3539,5359,5160,5346,4245,6253,6021,6237,4956,7146,6881,7128,5666,8042,7741,8019,6376,8935,8599,8910,7081,893,859,891,708,881,854,877,700,0.97,1.88,1.14,1.68,0,30000,0,30000,-0.63,0.28,-0.46,0.08
23.12,894,861,892,710,1787,1720,1784,1417,2681,2579,2675,2123,3575,3439,3566,2831,4469,4300,4457,3542,5363,5161,5348,4253,6257,6022,6239,4962,7151,6880,7130,5666,8044,7739,8021,6372,8937,8599,8912,7081,893,859,891,708,881,854,877,700,0.97,1.88,1.14,1.68,0,30000,0,30000,-0.63,0.28,-0.46,0.08
23.21,893,860,891,710,1787,1721,1782,1422,2681,2583,2673,2136,3573,3444,3564,2849,4467,4303,4456,3558,5360,5162,5348,4266,6254,6022,6239,4977,7148,6883,7130,5690,8042,7744,8021,6401,8935,8604,8912,7108,893,860,891,710,881,855,877,702,0.97,1.88,1.14,1.68,0,30000,0,30000,-0.63,0.28,-0.46,0.08
23.29,893,860,891,712,1787,1721,1782,1425,2681,2581,2674,2135,3575,3439,3565,2843,4469,4299,4456,3553,5363,5159,5347,4265,6257,6017,6238,4973,7150,6874,7129,5681,8043,7734,8020,6393,8937,8592,8911,7101,893,859,891,710,881,854,877,702,0.97,1.88,1.14,1.68,0,30000,0,30000,-0.63,0.28,-0.46,0.08
23.37,893,861,891,711,1786,1722,1783,1421,2680,2582,2674,2126,3573,3442,3565,2833,4466,4304,4456,3543,5359,5164,5347,4248,6253,6025,6238,4955,7147,6887,7129,5662,8041,7747,8020,6367,8935,8611,8911,7078,893,861,891,707,881,856,877,699,0.97,1.88,1.14,1.68,0,30000,0,30000,-0.63,0.28,-0.46,0.08
23.46,894,863,891,713,1787,1726,1782,1424,2681,2587,2673,2133,3573,3449,3564,2845,4467,4312,4455,3558,5360,5173,5346,4266,6253,6035,6237,4978,7147,6898,7128,5691,8040,7759,8019,6401,8933,8619,8910,7111,893,861,891,711,881,856,877,703,0.97,1.88,1.14,1.69,0,30000,0,30000,-0.63,0.28,-0.46,0.09
23.54,894,866,892,713,1788,1731,1783,1425,2682,2595,2676,2134,3575,3458,3567,2842,4468,4322,4458,3553,5361,5188,5349,4266,6254,6052,6240,4977,7148,6915,7131,5684,8041,7779,8022,6394,8934,8645,8913,7106,893,864,891,710,881,859,877,702,0.97,1.89,1.14,1.68,0,30000,0,30000,-0.63,0.29,-0.46,0.08
23.62,894,864,892,712,1788,1728,1784,1419,2681,2590,2675,2129,3575,3454,3566,2842,4469,4316,4457,3551,5363,5178,5348,4260,6256,6042,6240,4974,7149,6905,7131,5685,8043,7766,8022,6393,8936,8628,8913,7104,893,862,891,710,881,857,877,702,0.97,1.89,1.14,1.68,0,30000,0,30000,-0.63,0.29,-0.46,0.08
23.71,894,860,891,707,1788,1720,1782,1415,2681,2582,2673,2126,3575,3443,3565,2836,4469,4303,4456,3540,5362,5163,5347,4247,6255,6024,6238,4957,7149,6885,7129,5667,8042,7745,8020,6374,8935,8604,8911,7080,893,860,891,708,881,855,877,700,0.97,1.88,1.14,1.68,0,30000,0,30000,-0.63,0.28,-0.46,0.08
23.79,894,864,891,709,1788,1726,1782,1414,2682,2589,2673,2120,3576,3454,3565,2829,4469,4316,4456,3532,5362,5178,5347,4237,6255,6043,6238,4945,7148,6905,7129,5648,8042,7767,8020,6353,8936,8630,8911,7062,893,863,891,706,881,858,877,698,0.97,1.89,1.14,1.68,0,30000,0,30000,-0.63,0.29,-0.46,0.08
23.87,893,862,891,709,1786,1725,1782,1421,2681,2588,2674,2132,3575,3449,3565,2840,4468,4310,4456,3550,5362,5173,5348,4263,6256,6034,6239,4971,7150,6896,7130,5682,8046,7760,8022,6395,8940,8621,8913,7104,894,862,891,710,882,857,877,702,0.97,1.89,1.14,1.68,0,30000,0,30000,-0.63,0.29,-0.46,0.08
23.96,893,861,891,711,1787,1720,1782,1418,2681,2581,2673,2131,3574,3440,3564,2841,4468,4298,4455,3547,5361,5158,5346,4258,6255,6017,6237,4967,7149,6874,7128,5673,8042,7733,8019,6384,8935,8592,8910,7094,893,859,891,709,881,854,877,701,0.97,1.88,1.14,1.68,0,30000,0,30000,-0.63,0.28,-0.46,0.08
24.04,894,860,891,707,1787,1722,1782,1417,2681,2582,2673,2120,3575,3442,3564,2826,4468,4304,4455,3535,5361,5164,5346,4241,6254,6026,6237,4951,7148,6886,7128,5655,8041,7747,8019,6360,8935,8609,8910,7069,893,860,891,706,881,855,877,698,0.97,1.88,1.14,1.68,0,30000,0,30000,-0.63,0.28,-0.46,0.08
24.12,894,861,891,709,1788,1721,1782,1416,2682,2579,2673,2120,3575,3440,3564,2829,4468,4299,4455,3535,5362,5157,5346,4238,6255,6018,6237,4946,7149,6877,7129,5650,8043,7735,8020,6355,8937,8595,8911,7063,893,859,891,706,881,854,877,698,0.97,1.88,1.14,1.68,0,30000,0,30000,-0.63,0.28,-0.46,0.08
24.21,894,857,891,703,1787,1716,1782,1407,2680,2576,2673,2115,3574,3435,3564,2822,4467,4292,4455,3525,5360,5151,5346,4232,6253,6010,6237,4939,7146,6866,7128,5641,8039,7723,8019,6345,8932,8583,8911,7053,893,858,891,705,881,853,877,697,0.97,1.88,1.14,1.67,0,30000,0,30000,-0.63,0.28,-0.46,0.07
24.29,894,860,891,707,1788,1720,1782,1416,2682,2578,2673,2120,3575,3435,3564,2825,4469,4294,4455,3536,5362,5153,5346,4244,6255,6011,6237,4948,7149,6869,7128,5656,8043,7730,8019,6365,8937,8590,8910,7067,893,859,891,706,881,854,877,698,0.97,1.88,1.14,1.68,0,30000,0,30000,-0.63,0.28,-0.46,0.08
24.37,893,863,891,711,1786,1727,1782,1422,2680,2588,2673,2127,3573,3450,3564,2836,4467,4314,4455,3547,5361,5176,5346,4254,6254,6038,6237,4962,7148,6902,7128,5672,8043,7764,8019,6379,8937,8626,8910,7088,893,862,891,708,881,857,877,700,0.97,1.89,1.14,1.68,0,30000,0,30000,-0.63,0.29,-0.46,0.08
24.46,894,859,891,704,1787,1719,1782,1412,2680,2583,2673,2122,3574,3444,3565,2828,4468,4306,4456,3537,5361,5168,5347,4247,6254,6028,6238,4953,7147,6889,7129,5664,8041,7748,8020,6373,8937,8606,8912,7082,893,860,891,708,881,855,877,700,0.97,1.88,1.14,1.68,0,30000,0,30000,-0.63,0.28,-0.46,0.08
24.54,895,862,891,707,1788,1723,1782,1412,2681,2582,2673,2113,3575,3443,3564,2819,4469,4302,4455,3520,5363,5161,5346,4222,6257,6022,6237,4926,7151,6882,7128,5626,8043,7743,8019,6330,8937,8603,8910,7033,893,860,891,703,881,855,877,695,0.97,1.88,1.14,1.67,0,30000,0,30000,-0.63,0.28,-0.46,0.07
24.62,894,858,892,701,1788,1717,1783,1403,2682,2578,2674,2109,3575,3436,3565,2810,4469,4297,4455,3517,5363,5156,5346,4218,6257,6017,6237,4924,7150,6876,7129,5624,8043,7736,8020,6326,8937,8597,8911,7030,893,859,891,703,881,854,877,695,0.97,1.88,1.14,1.67,0,30000,0,30000,-0.63,0.28,-0.46,0.07
24.71,894,862,891,703,1788,1724,1782,1406,2681,2588,2673,2113,3575,3451,3565,2817,4468,4312,4455,3520,5362,5176,5346,4226,6256,6038,6237,4929,7149,6900,7128,5632,8043,7763,8019,6338,8936,8624,8910,7039,893,862,891,703,881,857,877,695,0.97,1.89,1.14,1.67,0,30000,0,30000,-0.63,0.29,-0.46,0.07
24.79,894,862,891,710,1787,1721,1783,1408,2680,2581,2674,2112,3573,3443,3565,2817,4467,4303,4456,3518,5360,5168,5347,4223,6254,6032,6238,4928,7147,6895,7129,5630,8041,7760,8020,6336,8935,8623,8911,7039,893,862,891,703,881,857,877,695,0.97,1.89,1.14,1.67,0,30000,0,30000,-0.63,0.29,-0.46,0.07
24.87,893,859,891,702,1786,1718,1782,1405,2678,2580,2673,2114,3572,3439,3565,2816,4465,4298,4456,3517,5359,5159,5347,4220,6253,6018,6238,4924,7147,6876,7129,5625,8040,7737,8020,6331,8934,8597,8912,7035,893,859,891,703,881,854,877,695,0.97,1.88,1.14,1.67,0,30000,0,30000,-0.63,0.28,-0.46,0.07
24.96,893,859,891,706,1786,1716,1782,1408,2680,2574,2673,2110,3573,3433,3564,2817,4467,4291,4455,3523,5361,5147,5346,4224,6254,6005,6237,4929,7147,6864,7128,5636,8041,7721,8019,6337,8934,8578,8910,7040,893,857,891,704,881,852,877,696,0.97,1.87,1.14,1.67,0,30000,0,30000,-0.63,0.27,-0.46,0.07
25.04,894,859,891,702,1787,1721,1782,1407,2681,2582,2673,2111,3575,3441,3564,2810,4468,4301,4455,3516,5361,5162,5346,4219,6254,6021,6237,4918,7148,6880,7128,5618,8041,7741,8019,6321,8934,8599,8909,7019,893,859,890,701,881,854,876,693,0.97,1.88,1.14,1.66,0,30000,0,30000,-0.63,0.28,-0.46,0.06
25.12,893,862,891,703,1786,1726,1782,1409,2680,2590,2674,2116,3574,3453,3566,2821,4468,4314,4458,3523,5360,5174,5349,4223,6254,6035,6241,4925,7146,6898,7132,5631,8039,7761,8023,6335,8933,8623,8915,7037,893,862,891,703,881,857,877,695,0.97,1.89,1.14,1.67,0,30000,0,30000,-0.63,0.29,-0.46,0.07
25.21,894,864,891,709,1787,1728,1782,1418,2681,2590,2673,2121,3574,3451,3565,2824,4468,4312,4456,3528,5361,5175,5347,4237,6254,6038,6238,4944,7147,6900,7130,5650,8040,7760,8021,6353,8933,8620,8912,7055,893,862,891,705,881,857,877,697,0.97,1.89,1.14,1.67,0,30000,0,30000,-0.63,0.29,-0.46,0.07
25.29,894,863,892,701,1788,1727,1783,1405,2681,2592,2674,2111,3575,3455,3565,2810,4469,4318,4456,3512,5362,5183,5347,4218,6255,6047,6240,4921,7148,6910,7131,5621,8041,7775,8021,6326,8934,8639,8912,7030,893,863,891,703,881,858,877,695,0.97,1.89,1.14,1.67,0,30000,0,30000,-0.63,0.29,-0.46,0.07
25.37,893,864,891,705,1786,1728,1782,1408,2679,2590,2673,2110,3572,3454,3564,2813,4466,4317,4455,3518,5359,5178,5346,4219,6253,6042,6237,4926,7146,6904,7128,5629,8039,7764,8019,6330,8932,8626,8910,7036,893,862,891,703,881,857,877,695,0.97,1.89,1.14,1.67,0,30000,0,30000,-0.63,0.29,-0.46,0.07
25.46,893,858,891,703,1786,1717,1782,1407,2680,2577,2673,2111,3573,3434,3564,2811,4467,4293,4455,3513,5360,5153,5346,4219,6255,6010,6237,4919,7148,6868,7128,5621,8042,7728,8019,6330,8935,8587,8910,7033,893,858,891,703,881,853,877,695,0.97,1.88,1.14,1.67,0,30000,0,30000,-0.63,0.28,-0.46,0.07
25.54,894,859,891,705,1786,1720,1782,1413,2679,2581,2673,2120,3573,3441,3565,2824,4466,4300,4456,3528,5359,5161,5347,4237,6252,6022,6238,4945,7146,6881,7129,5649,8039,7740,8020,6353,8932,8601,8911,7061,893,860,891,706,881,855,877,698,0.97,1.88,1.14,1.68,0,30000,0,30000,-0.63,0.28,-0.46,0.08
25.62,893,859,891,707,1786,1717,1782,1411,2680,2573,2673,2113,3574,3432,3564,2818,4467,4290,4455,3523,5360,5146,5346,4224,6254,6004,6237,4926,7147,6862,7128,5632,8040,7718,8018,6333,8933,8575,8909,7037,893,857,890,703,881,852,876,695,0.97,1.87,1.14,1.67,0,30000,0,30000,-0.63,0.27,-0.46,0.07
25.71,894,863,892,700,1787,1726,1783,1402,2681,2592,2674,2107,3576,3456,3565,2808,4470,4319,4456,3509,5364,5184,5347,4214,6257,6047,6238,4916,7150,6911,7129,5616,8043,7777,8020,6321,8936,8642,8911,7025,893,864,891,702,881,859,877,694,0.97,1.89,1.14,1.67,0,30000,0,30000,-0.63,0.29,-0.46,0.07
25.79,893,861,891,703,1786,1724,1782,1409,2679,2584,2673,2110,3571,3445,3564,2815,4464,4307,4455,3520,5358,5168,5346,4222,6252,6030,6237,4927,7145,6890,7128,5627,8038,7753,8019,6332,8932,8614,8911,7034,893,861,891,703,881,856,877,695,0.97,1.88,1.14,1.67,0,30000,0,30000,-0.63,0.28,-0.46,0.07
25.87,893,862,891,706,1787,1721,1782,1408,2680,2583,2673,2113,3574,3445,3564,2818,4468,4304,4455,3520,5361,5166,5346,4228,6255,6026,6238,4930,7149,6885,7129,5632,8042,7746,8020,6338,8935,8606,8911,7038,893,860,891,703,881,855,877,695,0.97,1.88,1.14,1.67,0,30000,0,30000,-0.63,0.28,-0.46,0.07
25.96,894,858,891,699,1788,1718,1782,1402,2681,2575,2673,2101,3574,3432,3564,2801,4468,4291,4455,3504,5362,5146,5346,4203,6255,6003,6237,4904,7148,6861,7128,5608,8042,7716,8019,6307,8935,8571,8910,7010,893,857,891,701,881,852,877,693,0.97,1.87,1.14,1.66,0,30000,0,30000,-0.63,0.27,-0.46,0.06